#           v(1)       v(4)       v(3)       i(Vbias)   i(Rs.Xcel1 i(Rs.Xcel4 i(Rs.Xcel1 i(Rs.Xcel1
 0.         0.57816   -1.1562     1.7345     9.9189     1.3189     1.3189     4.3        4.3       
 0.01       0.57816   -1.1462     1.7345     9.9188     1.3188     1.3188     4.3        4.3       
 0.02       0.57816   -1.1362     1.7345     9.9186     1.3187     1.3187     4.3        4.3       
 0.03       0.57816   -1.1262     1.7345     9.9185     1.3186     1.3186     4.2999     4.2999    
 0.04       0.57817   -1.1162     1.7345     9.9184     1.3185     1.3185     4.2999     4.2999    
 0.05       0.57817   -1.1062     1.7345     9.9182     1.3184     1.3184     4.2999     4.2999    
 0.06       0.57817   -1.0962     1.7345     9.9181     1.3183     1.3183     4.2999     4.2999    
 0.07       0.57817   -1.0862     1.7345     9.918      1.3182     1.3182     4.2999     4.2999    
 0.08       0.57817   -1.0762     1.7345     9.9178     1.3181     1.3181     4.2999     4.2999    
 0.09       0.57817   -1.0662     1.7345     9.9177     1.318      1.318      4.2998     4.2998    
 0.1        0.57817   -1.0562     1.7345     9.9176     1.3179     1.3179     4.2998     4.2998    
 0.11       0.57817   -1.0462     1.7345     9.9174     1.3178     1.3178     4.2998     4.2998    
 0.12       0.57818   -1.0363     1.7345     9.9173     1.3177     1.3177     4.2998     4.2998    
 0.13       0.57818   -1.0263     1.7345     9.9172     1.3176     1.3176     4.2998     4.2998    
 0.14       0.57818   -1.0163     1.7345     9.917      1.3175     1.3175     4.2998     4.2998    
 0.15       0.57818   -1.0063     1.7345     9.9169     1.3174     1.3174     4.2997     4.2997    
 0.16       0.57818   -0.99626    1.7345     9.9168     1.3173     1.3173     4.2997     4.2997    
 0.17       0.57818   -0.98627    1.7345     9.9166     1.3172     1.3172     4.2997     4.2997    
 0.18       0.57818   -0.97627    1.7346     9.9165     1.3171     1.3171     4.2997     4.2997    
 0.19       0.57818   -0.96627    1.7346     9.9164     1.317      1.317      4.2997     4.2997    
 0.2        0.57819   -0.95627    1.7346     9.9162     1.3169     1.3169     4.2997     4.2997    
 0.21       0.57819   -0.94628    1.7346     9.9161     1.3168     1.3168     4.2996     4.2996    
 0.22       0.57819   -0.93628    1.7346     9.916      1.3167     1.3167     4.2996     4.2996    
 0.23       0.57819   -0.92628    1.7346     9.9158     1.3166     1.3166     4.2996     4.2996    
 0.24       0.57819   -0.91628    1.7346     9.9157     1.3165     1.3165     4.2996     4.2996    
 0.25       0.57819   -0.90629    1.7346     9.9156     1.3164     1.3164     4.2996     4.2996    
 0.26       0.57819   -0.89629    1.7346     9.9154     1.3163     1.3163     4.2996     4.2996    
 0.27       0.5782    -0.88629    1.7346     9.9153     1.3162     1.3162     4.2995     4.2995    
 0.28       0.5782    -0.87629    1.7346     9.9152     1.3161     1.3161     4.2995     4.2995    
 0.29       0.5782    -0.8663     1.7346     9.915      1.316      1.316      4.2995     4.2995    
 0.3        0.5782    -0.8563     1.7346     9.9149     1.3159     1.3159     4.2995     4.2995    
 0.31       0.5782    -0.8463     1.7346     9.9148     1.3158     1.3158     4.2995     4.2995    
 0.32       0.5782    -0.8363     1.7346     9.9146     1.3157     1.3157     4.2995     4.2995    
 0.33       0.5782    -0.82631    1.7346     9.9145     1.3156     1.3156     4.2994     4.2994    
 0.34       0.5782    -0.81631    1.7346     9.9144     1.3155     1.3155     4.2994     4.2994    
 0.35       0.57821   -0.80631    1.7346     9.9142     1.3154     1.3154     4.2994     4.2994    
 0.36       0.57821   -0.79632    1.7346     9.9141     1.3153     1.3153     4.2994     4.2994    
 0.37       0.57821   -0.78632    1.7346     9.914      1.3152     1.3152     4.2994     4.2994    
 0.38       0.57821   -0.77632    1.7346     9.9138     1.3151     1.3151     4.2994     4.2994    
 0.39       0.57821   -0.76632    1.7346     9.9137     1.315      1.315      4.2993     4.2993    
 0.4        0.57821   -0.75633    1.7346     9.9136     1.3149     1.3149     4.2993     4.2993    
 0.41       0.57821   -0.74633    1.7346     9.9134     1.3148     1.3148     4.2993     4.2993    
 0.42       0.57822   -0.73633    1.7346     9.9133     1.3147     1.3147     4.2993     4.2993    
 0.43       0.57822   -0.72633    1.7346     9.9132     1.3146     1.3146     4.2993     4.2993    
 0.44       0.57822   -0.71634    1.7347     9.913      1.3145     1.3145     4.2993     4.2993    
 0.45       0.57822   -0.70634    1.7347     9.9129     1.3144     1.3144     4.2992     4.2992    
 0.46       0.57822   -0.69634    1.7347     9.9128     1.3143     1.3143     4.2992     4.2992    
 0.47       0.57822   -0.68634    1.7347     9.9126     1.3142     1.3142     4.2992     4.2992    
 0.48       0.57822   -0.67635    1.7347     9.9125     1.3141     1.3141     4.2992     4.2992    
 0.49       0.57822   -0.66635    1.7347     9.9124     1.314      1.314      4.2992     4.2992    
 0.5        0.57823   -0.65635    1.7347     9.9122     1.3139     1.3139     4.2992     4.2992    
 0.51       0.57823   -0.64635    1.7347     9.9121     1.3138     1.3138     4.2991     4.2991    
 0.52       0.57823   -0.63636    1.7347     9.912      1.3137     1.3137     4.2991     4.2991    
 0.53       0.57823   -0.62636    1.7347     9.9118     1.3136     1.3136     4.2991     4.2991    
 0.54       0.57823   -0.61636    1.7347     9.9117     1.3135     1.3135     4.2991     4.2991    
 0.55       0.57823   -0.60637    1.7347     9.9115     1.3134     1.3134     4.2991     4.2991    
 0.56       0.57823   -0.59637    1.7347     9.9114     1.3133     1.3133     4.2991     4.2991    
 0.57       0.57823   -0.58637    1.7347     9.9113     1.3132     1.3132     4.299      4.299     
 0.58       0.57824   -0.57637    1.7347     9.9111     1.3131     1.3131     4.299      4.299     
 0.59       0.57824   -0.56638    1.7347     9.911      1.313      1.313      4.299      4.299     
 0.6        0.57824   -0.55638    1.7347     9.9109     1.3129     1.3129     4.299      4.299     
 0.61       0.57824   -0.54638    1.7347     9.9107     1.3128     1.3128     4.299      4.299     
 0.62       0.57824   -0.53638    1.7347     9.9106     1.3127     1.3127     4.2989     4.2989    
 0.63       0.57824   -0.52639    1.7347     9.9105     1.3126     1.3126     4.2989     4.2989    
 0.64       0.57824   -0.51639    1.7347     9.9103     1.3125     1.3125     4.2989     4.2989    
 0.65       0.57825   -0.50639    1.7347     9.9102     1.3124     1.3124     4.2989     4.2989    
 0.66       0.57825   -0.49639    1.7347     9.9101     1.3123     1.3123     4.2989     4.2989    
 0.67       0.57825   -0.4864     1.7347     9.9099     1.3122     1.3122     4.2989     4.2989    
 0.68       0.57825   -0.4764     1.7347     9.9098     1.3121     1.3121     4.2988     4.2988    
 0.69       0.57825   -0.4664     1.7348     9.9097     1.312      1.312      4.2988     4.2988    
 0.7        0.57825   -0.4564     1.7348     9.9095     1.3119     1.3119     4.2988     4.2988    
 0.71       0.57825   -0.44641    1.7348     9.9094     1.3118     1.3118     4.2988     4.2988    
 0.72       0.57825   -0.43641    1.7348     9.9093     1.3117     1.3117     4.2988     4.2988    
 0.73       0.57826   -0.42641    1.7348     9.9091     1.3116     1.3116     4.2988     4.2988    
 0.74       0.57826   -0.41641    1.7348     9.909      1.3115     1.3115     4.2987     4.2987    
 0.75       0.57826   -0.40642    1.7348     9.9089     1.3114     1.3114     4.2987     4.2987    
 0.76       0.57826   -0.39642    1.7348     9.9087     1.3113     1.3113     4.2987     4.2987    
 0.77       0.57826   -0.38642    1.7348     9.9086     1.3112     1.3112     4.2987     4.2987    
 0.78       0.57826   -0.37643    1.7348     9.9084     1.3111     1.3111     4.2987     4.2987    
 0.79       0.57826   -0.36643    1.7348     9.9083     1.311      1.311      4.2986     4.2986    
 0.8        0.57826   -0.35643    1.7348     9.9082     1.3109     1.3109     4.2986     4.2986    
 0.81       0.57827   -0.34643    1.7348     9.908      1.3108     1.3108     4.2986     4.2986    
 0.82       0.57827   -0.33644    1.7348     9.9079     1.3107     1.3107     4.2986     4.2986    
 0.83       0.57827   -0.32644    1.7348     9.9078     1.3106     1.3106     4.2986     4.2986    
 0.84       0.57827   -0.31644    1.7348     9.9076     1.3105     1.3105     4.2986     4.2986    
 0.85       0.57827   -0.30644    1.7348     9.9075     1.3104     1.3104     4.2985     4.2985    
 0.86       0.57827   -0.29645    1.7348     9.9074     1.3103     1.3103     4.2985     4.2985    
 0.87       0.57827   -0.28645    1.7348     9.9072     1.3102     1.3102     4.2985     4.2985    
 0.88       0.57828   -0.27645    1.7348     9.9071     1.3101     1.3101     4.2985     4.2985    
 0.89       0.57828   -0.26645    1.7348     9.9069     1.31       1.31       4.2985     4.2985    
 0.9        0.57828   -0.25646    1.7348     9.9068     1.3099     1.3099     4.2984     4.2984    
 0.91       0.57828   -0.24646    1.7348     9.9067     1.3098     1.3098     4.2984     4.2984    
 0.92       0.57828   -0.23646    1.7348     9.9065     1.3097     1.3097     4.2984     4.2984    
 0.93       0.57828   -0.22646    1.7348     9.9064     1.3096     1.3096     4.2984     4.2984    
 0.94       0.57828   -0.21647    1.7348     9.9063     1.3095     1.3095     4.2984     4.2984    
 0.95       0.57828   -0.20647    1.7349     9.9061     1.3094     1.3094     4.2984     4.2984    
 0.96       0.57829   -0.19647    1.7349     9.906      1.3093     1.3093     4.2983     4.2983    
 0.97       0.57829   -0.18648    1.7349     9.9058     1.3092     1.3092     4.2983     4.2983    
 0.98       0.57829   -0.17648    1.7349     9.9057     1.3091     1.3091     4.2983     4.2983    
 0.99       0.57829   -0.16648    1.7349     9.9056     1.309      1.309      4.2983     4.2983    
 1.         0.57829   -0.15648    1.7349     9.9054     1.3089     1.3089     4.2983     4.2983    
 1.01       0.57829   -0.14649    1.7349     9.9053     1.3088     1.3088     4.2982     4.2982    
 1.02       0.57829   -0.13649    1.7349     9.9051     1.3087     1.3087     4.2982     4.2982    
 1.03       0.57829   -0.12649    1.7349     9.905      1.3086     1.3086     4.2982     4.2982    
 1.04       0.5783    -0.11649    1.7349     9.9049     1.3085     1.3085     4.2982     4.2982    
 1.05       0.5783    -0.1065     1.7349     9.9047     1.3084     1.3084     4.2982     4.2982    
 1.06       0.5783    -0.096499   1.7349     9.9046     1.3083     1.3083     4.2981     4.2981    
 1.07       0.5783    -0.086501   1.7349     9.9044     1.3082     1.3082     4.2981     4.2981    
 1.08       0.5783    -0.076504   1.7349     9.9043     1.3081     1.3081     4.2981     4.2981    
 1.09       0.5783    -0.066507   1.7349     9.9042     1.308      1.308      4.2981     4.2981    
 1.1        0.5783    -0.056509   1.7349     9.904      1.3079     1.3079     4.298      4.298     
 1.11       0.57831   -0.046512   1.7349     9.9039     1.3078     1.3078     4.298      4.298     
 1.12       0.57831   -0.036514   1.7349     9.9037     1.3077     1.3077     4.298      4.298     
 1.13       0.57831   -0.026517   1.7349     9.9036     1.3076     1.3076     4.298      4.298     
 1.14       0.57831   -0.01652    1.7349     9.9034     1.3075     1.3075     4.298      4.298     
 1.15       0.57831   -0.0065223  1.7349     9.9033     1.3074     1.3074     4.2979     4.2979    
 1.16       0.57831    0.003475   1.7349     9.9031     1.3073     1.3073     4.2979     4.2979    
 1.17       0.57831    0.013472   1.7349     9.903      1.3072     1.3072     4.2979     4.2979    
 1.18       0.57831    0.02347    1.7349     9.9029     1.3071     1.3071     4.2979     4.2979    
 1.19       0.57832    0.033467   1.7349     9.9027     1.307      1.307      4.2978     4.2978    
 1.2        0.57832    0.043465   1.735      9.9026     1.3069     1.3069     4.2978     4.2978    
 1.21       0.57832    0.053462   1.735      9.9024     1.3068     1.3068     4.2978     4.2978    
 1.22       0.57832    0.063459   1.735      9.9023     1.3067     1.3067     4.2978     4.2978    
 1.23       0.57832    0.073457   1.735      9.9021     1.3066     1.3066     4.2977     4.2977    
 1.24       0.57832    0.083454   1.735      9.902      1.3065     1.3065     4.2977     4.2977    
 1.25       0.57832    0.093451   1.735      9.9018     1.3064     1.3064     4.2977     4.2977    
 1.26       0.57833    0.10345    1.735      9.9017     1.3063     1.3063     4.2977     4.2977    
 1.27       0.57833    0.11345    1.735      9.9015     1.3062     1.3062     4.2976     4.2976    
 1.28       0.57833    0.12344    1.735      9.9013     1.3061     1.3061     4.2976     4.2976    
 1.29       0.57833    0.13344    1.735      9.9012     1.306      1.306      4.2976     4.2976    
 1.3        0.57833    0.14344    1.735      9.901      1.3059     1.3059     4.2976     4.2976    
 1.31       0.57833    0.15344    1.735      9.9009     1.3058     1.3058     4.2975     4.2975    
 1.32       0.57833    0.16343    1.735      9.9007     1.3057     1.3057     4.2975     4.2975    
 1.33       0.57833    0.17343    1.735      9.9006     1.3056     1.3056     4.2975     4.2975    
 1.34       0.57834    0.18343    1.735      9.9004     1.3055     1.3055     4.2974     4.2974    
 1.35       0.57834    0.19343    1.735      9.9002     1.3054     1.3054     4.2974     4.2974    
 1.36       0.57834    0.20342    1.735      9.9001     1.3053     1.3053     4.2974     4.2974    
 1.37       0.57834    0.21342    1.735      9.8999     1.3052     1.3052     4.2973     4.2973    
 1.38       0.57834    0.22342    1.735      9.8997     1.3051     1.3051     4.2973     4.2973    
 1.39       0.57834    0.23341    1.735      9.8996     1.305      1.305      4.2973     4.2973    
 1.4        0.57834    0.24341    1.735      9.8994     1.3049     1.3049     4.2972     4.2972    
 1.41       0.57834    0.25341    1.735      9.8992     1.3048     1.3048     4.2972     4.2972    
 1.42       0.57835    0.26341    1.735      9.8991     1.3047     1.3047     4.2972     4.2972    
 1.43       0.57835    0.2734     1.735      9.8989     1.3046     1.3046     4.2971     4.2971    
 1.44       0.57835    0.2834     1.735      9.8987     1.3045     1.3045     4.2971     4.2971    
 1.45       0.57835    0.2934     1.735      9.8985     1.3044     1.3044     4.2971     4.2971    
 1.46       0.57835    0.3034     1.7351     9.8984     1.3043     1.3043     4.297      4.297     
 1.47       0.57835    0.31339    1.7351     9.8982     1.3042     1.3042     4.297      4.297     
 1.48       0.57835    0.32339    1.7351     9.898      1.3041     1.3041     4.2969     4.2969    
 1.49       0.57836    0.33339    1.7351     9.8978     1.304      1.304      4.2969     4.2969    
 1.5        0.57836    0.34339    1.7351     9.8976     1.3039     1.3039     4.2969     4.2969    
 1.51       0.57836    0.35338    1.7351     9.8974     1.3038     1.3038     4.2968     4.2968    
 1.52       0.57836    0.36338    1.7351     9.8973     1.3037     1.3037     4.2968     4.2968    
 1.53       0.57836    0.37338    1.7351     9.8971     1.3036     1.3036     4.2967     4.2967    
 1.54       0.57836    0.38338    1.7351     9.8969     1.3035     1.3035     4.2967     4.2967    
 1.55       0.57836    0.39337    1.7351     9.8967     1.3034     1.3034     4.2966     4.2966    
 1.56       0.57836    0.40337    1.7351     9.8965     1.3033     1.3033     4.2966     4.2966    
 1.57       0.57837    0.41337    1.7351     9.8963     1.3032     1.3032     4.2965     4.2965    
 1.58       0.57837    0.42337    1.7351     9.896      1.3031     1.3031     4.2965     4.2965    
 1.59       0.57837    0.43336    1.7351     9.8958     1.303      1.303      4.2964     4.2964    
 1.6        0.57837    0.44336    1.7351     9.8956     1.3029     1.3029     4.2964     4.2964    
 1.61       0.57837    0.45336    1.7351     9.8954     1.3028     1.3028     4.2963     4.2963    
 1.62       0.57837    0.46335    1.7351     9.8952     1.3027     1.3027     4.2962     4.2962    
 1.63       0.57837    0.47335    1.7351     9.895      1.3026     1.3026     4.2962     4.2962    
 1.64       0.57837    0.48335    1.7351     9.8947     1.3025     1.3025     4.2961     4.2961    
 1.65       0.57838    0.49335    1.7351     9.8945     1.3024     1.3024     4.296      4.296     
 1.66       0.57838    0.50334    1.7351     9.8942     1.3023     1.3023     4.296      4.296     
 1.67       0.57838    0.51334    1.7351     9.894      1.3022     1.3022     4.2959     4.2959    
 1.68       0.57838    0.52334    1.7351     9.8938     1.3021     1.3021     4.2958     4.2958    
 1.69       0.57838    0.53334    1.7351     9.8935     1.302      1.302      4.2957     4.2957    
 1.7        0.57838    0.54333    1.7351     9.8932     1.3019     1.3019     4.2957     4.2957    
 1.71       0.57838    0.55333    1.7352     9.893      1.3018     1.3018     4.2956     4.2956    
 1.72       0.57839    0.56333    1.7352     9.8927     1.3017     1.3017     4.2955     4.2955    
 1.73       0.57839    0.57333    1.7352     9.8924     1.3016     1.3016     4.2954     4.2954    
 1.74       0.57839    0.58332    1.7352     9.8921     1.3015     1.3015     4.2953     4.2953    
 1.75       0.57839    0.59332    1.7352     9.8919     1.3014     1.3014     4.2952     4.2952    
 1.76       0.57839    0.60332    1.7352     9.8916     1.3013     1.3013     4.2951     4.2951    
 1.77       0.57839    0.61332    1.7352     9.8913     1.3012     1.3012     4.295      4.295     
 1.78       0.57839    0.62331    1.7352     9.8909     1.3011     1.3011     4.2949     4.2949    
 1.79       0.57839    0.63331    1.7352     9.8906     1.301      1.301      4.2948     4.2948    
 1.8        0.5784     0.64331    1.7352     9.8903     1.3009     1.3009     4.2947     4.2947    
 1.81       0.5784     0.65331    1.7352     9.89       1.3008     1.3008     4.2946     4.2946    
 1.82       0.5784     0.6633     1.7352     9.8896     1.3007     1.3007     4.2944     4.2944    
 1.83       0.5784     0.6733     1.7352     9.8893     1.3006     1.3006     4.2943     4.2943    
 1.84       0.5784     0.6833     1.7352     9.8889     1.3005     1.3005     4.2942     4.2942    
 1.85       0.5784     0.69329    1.7352     9.8885     1.3004     1.3004     4.2941     4.2941    
 1.86       0.5784     0.70329    1.7352     9.8881     1.3003     1.3003     4.2939     4.2939    
 1.87       0.5784     0.71329    1.7352     9.8877     1.3002     1.3002     4.2938     4.2938    
 1.88       0.57841    0.72329    1.7352     9.8873     1.3001     1.3001     4.2936     4.2936    
 1.89       0.57841    0.73328    1.7352     9.8869     1.3        1.3        4.2934     4.2934    
 1.9        0.57841    0.74328    1.7352     9.8865     1.2999     1.2999     4.2933     4.2933    
 1.91       0.57841    0.75328    1.7352     9.886      1.2998     1.2998     4.2931     4.2931    
 1.92       0.57841    0.76328    1.7352     9.8856     1.2997     1.2997     4.2929     4.2929    
 1.93       0.57841    0.77327    1.7352     9.8851     1.2996     1.2996     4.2927     4.2927    
 1.94       0.57841    0.78327    1.7352     9.8846     1.2995     1.2995     4.2926     4.2926    
 1.95       0.57842    0.79327    1.7352     9.8841     1.2994     1.2994     4.2923     4.2923    
 1.96       0.57842    0.80327    1.7352     9.8836     1.2993     1.2993     4.2921     4.2921    
 1.97       0.57842    0.81326    1.7353     9.8831     1.2992     1.2992     4.2919     4.2919    
 1.98       0.57842    0.82326    1.7353     9.8825     1.2991     1.2991     4.2917     4.2917    
 1.99       0.57842    0.83326    1.7353     9.8819     1.299      1.299      4.2915     4.2915    
 2.         0.57842    0.84326    1.7353     9.8813     1.2989     1.2989     4.2912     4.2912    
 2.01       0.57842    0.85325    1.7353     9.8807     1.2988     1.2988     4.291      4.291     
 2.02       0.57842    0.86325    1.7353     9.8801     1.2987     1.2987     4.2907     4.2907    
 2.03       0.57843    0.87325    1.7353     9.8794     1.2986     1.2986     4.2904     4.2904    
 2.04       0.57843    0.88324    1.7353     9.8788     1.2985     1.2985     4.2901     4.2901    
 2.05       0.57843    0.89324    1.7353     9.8781     1.2984     1.2984     4.2898     4.2898    
 2.06       0.57843    0.90324    1.7353     9.8773     1.2983     1.2983     4.2895     4.2895    
 2.07       0.57843    0.91324    1.7353     9.8766     1.2982     1.2982     4.2892     4.2892    
 2.08       0.57843    0.92323    1.7353     9.8758     1.2981     1.2981     4.2888     4.2888    
 2.09       0.57843    0.93323    1.7353     9.875      1.298      1.298      4.2885     4.2885    
 2.1        0.57843    0.94323    1.7353     9.8742     1.2979     1.2979     4.2881     4.2881    
 2.11       0.57844    0.95323    1.7353     9.8733     1.2978     1.2978     4.2877     4.2877    
 2.12       0.57844    0.96322    1.7353     9.8724     1.2977     1.2977     4.2873     4.2873    
 2.13       0.57844    0.97322    1.7353     9.8715     1.2976     1.2976     4.2869     4.2869    
 2.14       0.57844    0.98322    1.7353     9.8705     1.2975     1.2975     4.2865     4.2865    
 2.15       0.57844    0.99322    1.7353     9.8695     1.2974     1.2974     4.286      4.286     
 2.16       0.57844    1.0032     1.7353     9.8684     1.2973     1.2973     4.2856     4.2856    
 2.17       0.57844    1.0132     1.7353     9.8674     1.2972     1.2972     4.2851     4.2851    
 2.18       0.57845    1.0232     1.7353     9.8662     1.2971     1.2971     4.2846     4.2846    
 2.19       0.57845    1.0332     1.7353     9.8651     1.297      1.297      4.284      4.284     
 2.2        0.57845    1.0432     1.7353     9.8638     1.2969     1.2969     4.2835     4.2835    
 2.21       0.57845    1.0532     1.7353     9.8626     1.2968     1.2968     4.2829     4.2829    
 2.22       0.57845    1.0632     1.7354     9.8613     1.2967     1.2967     4.2823     4.2823    
 2.23       0.57845    1.0732     1.7354     9.8599     1.2966     1.2966     4.2816     4.2816    
 2.24       0.57845    1.0832     1.7354     9.8585     1.2965     1.2965     4.281      4.281     
 2.25       0.57845    1.0932     1.7354     9.857      1.2964     1.2964     4.2803     4.2803    
 2.26       0.57846    1.1032     1.7354     9.8555     1.2963     1.2963     4.2796     4.2796    
 2.27       0.57846    1.1132     1.7354     9.8539     1.2962     1.2962     4.2788     4.2788    
 2.28       0.57846    1.1232     1.7354     9.8522     1.2961     1.2961     4.2781     4.2781    
 2.29       0.57846    1.1332     1.7354     9.8505     1.296      1.296      4.2772     4.2772    
 2.3        0.57846    1.1432     1.7354     9.8487     1.2959     1.2959     4.2764     4.2764    
 2.31       0.57846    1.1532     1.7354     9.8468     1.2958     1.2958     4.2755     4.2755    
 2.32       0.57846    1.1632     1.7354     9.8449     1.2957     1.2957     4.2746     4.2746    
 2.33       0.57846    1.1732     1.7354     9.8429     1.2956     1.2956     4.2736     4.2736    
 2.34       0.57847    1.1832     1.7354     9.8408     1.2955     1.2955     4.2726     4.2726    
 2.35       0.57847    1.1932     1.7354     9.8386     1.2954     1.2954     4.2716     4.2716    
 2.36       0.57847    1.2032     1.7354     9.8363     1.2953     1.2953     4.2705     4.2705    
 2.37       0.57847    1.2132     1.7354     9.8339     1.2952     1.2952     4.2693     4.2693    
 2.38       0.57847    1.2232     1.7354     9.8314     1.2951     1.2951     4.2681     4.2681    
 2.39       0.57847    1.2332     1.7354     9.8288     1.295      1.295      4.2669     4.2669    
 2.4        0.57847    1.2432     1.7354     9.8261     1.2949     1.2949     4.2656     4.2656    
 2.41       0.57848    1.2531     1.7354     9.8233     1.2948     1.2948     4.2643     4.2643    
 2.42       0.57848    1.2631     1.7354     9.8204     1.2947     1.2947     4.2629     4.2629    
 2.43       0.57848    1.2731     1.7354     9.8174     1.2946     1.2946     4.2614     4.2614    
 2.44       0.57848    1.2831     1.7354     9.8142     1.2945     1.2945     4.2598     4.2598    
 2.45       0.57848    1.2931     1.7354     9.8109     1.2944     1.2944     4.2582     4.2582    
 2.46       0.57848    1.3031     1.7354     9.8075     1.2943     1.2943     4.2566     4.2566    
 2.47       0.57848    1.3131     1.7354     9.8039     1.2942     1.2942     4.2548     4.2548    
 2.48       0.57848    1.3231     1.7355     9.8002     1.2941     1.2941     4.253      4.253     
 2.49       0.57849    1.3331     1.7355     9.7963     1.294      1.294      4.2511     4.2511    
 2.5        0.57849    1.3431     1.7355     9.7922     1.2939     1.2939     4.2491     4.2491    
 2.51       0.57849    1.3531     1.7355     9.788      1.2938     1.2938     4.2471     4.2471    
 2.52       0.57849    1.3631     1.7355     9.7836     1.2937     1.2937     4.2449     4.2449    
 2.53       0.57849    1.3731     1.7355     9.779      1.2936     1.2936     4.2427     4.2427    
 2.54       0.57849    1.3831     1.7355     9.7742     1.2935     1.2935     4.2403     4.2403    
 2.55       0.57849    1.3931     1.7355     9.7692     1.2934     1.2934     4.2379     4.2379    
 2.56       0.57849    1.4031     1.7355     9.764      1.2933     1.2933     4.2353     4.2353    
 2.57       0.5785     1.4131     1.7355     9.7585     1.2932     1.2932     4.2326     4.2326    
 2.58       0.5785     1.4231     1.7355     9.7529     1.2931     1.2931     4.2299     4.2299    
 2.59       0.5785     1.4331     1.7355     9.7469     1.293      1.293      4.227      4.227     
 2.6        0.5785     1.4431     1.7355     9.7408     1.2929     1.2929     4.2239     4.2239    
 2.61       0.5785     1.4531     1.7355     9.7343     1.2928     1.2928     4.2208     4.2208    
 2.62       0.5785     1.4631     1.7355     9.7276     1.2927     1.2927     4.2175     4.2175    
 2.63       0.5785     1.4731     1.7355     9.7206     1.2926     1.2926     4.214      4.214     
 2.64       0.57851    1.4831     1.7355     9.7134     1.2925     1.2925     4.2104     4.2104    
 2.65       0.57851    1.4931     1.7355     9.7057     1.2924     1.2924     4.2067     4.2067    
 2.66       0.57851    1.5031     1.7355     9.6978     1.2923     1.2923     4.2027     4.2027    
 2.67       0.57851    1.5131     1.7355     9.6895     1.2922     1.2922     4.1986     4.1986    
 2.68       0.57851    1.5231     1.7355     9.6809     1.2921     1.2921     4.1944     4.1944    
 2.69       0.57851    1.5331     1.7355     9.6719     1.292      1.292      4.1899     4.1899    
 2.7        0.57851    1.5431     1.7355     9.6625     1.2919     1.2919     4.1853     4.1853    
 2.71       0.57851    1.5531     1.7355     9.6527     1.2918     1.2918     4.1804     4.1804    
 2.72       0.57852    1.5631     1.7355     9.6424     1.2917     1.2917     4.1754     4.1754    
 2.73       0.57852    1.5731     1.7356     9.6318     1.2916     1.2916     4.1701     4.1701    
 2.74       0.57852    1.5831     1.7356     9.6206     1.2915     1.2915     4.1646     4.1646    
 2.75       0.57852    1.5931     1.7356     9.609      1.2914     1.2914     4.1588     4.1588    
 2.76       0.57852    1.6031     1.7356     9.5969     1.2913     1.2913     4.1528     4.1528    
 2.77       0.57852    1.6131     1.7356     9.5842     1.2912     1.2912     4.1465     4.1465    
 2.78       0.57852    1.623      1.7356     9.571      1.2911     1.2911     4.14       4.14      
 2.79       0.57852    1.633      1.7356     9.5573     1.291      1.291      4.1331     4.1331    
 2.8        0.57853    1.643      1.7356     9.5429     1.2909     1.2909     4.126      4.126     
 2.81       0.57853    1.653      1.7356     9.5279     1.2908     1.2908     4.1185     4.1185    
 2.82       0.57853    1.663      1.7356     9.5123     1.2907     1.2907     4.1108     4.1108    
 2.83       0.57853    1.673      1.7356     9.4959     1.2906     1.2906     4.1027     4.1027    
 2.84       0.57853    1.683      1.7356     9.4789     1.2905     1.2905     4.0942     4.0942    
 2.85       0.57853    1.693      1.7356     9.4611     1.2904     1.2904     4.0853     4.0853    
 2.86       0.57853    1.703      1.7356     9.4426     1.2903     1.2903     4.0761     4.0761    
 2.87       0.57854    1.713      1.7356     9.4232     1.2902     1.2902     4.0665     4.0665    
 2.88       0.57854    1.723      1.7356     9.403      1.2901     1.2901     4.0564     4.0564    
 2.89       0.57854    1.733      1.7356     9.3819     1.29       1.29       4.046      4.046     
 2.9        0.57854    1.743      1.7356     9.3599     1.2899     1.2899     4.035      4.035     
 2.91       0.57854    1.753      1.7356     9.337      1.2898     1.2898     4.0236     4.0236    
 2.92       0.57854    1.763      1.7356     9.313      1.2897     1.2897     4.0116     4.0116    
 2.93       0.57854    1.773      1.7356     9.288      1.2896     1.2896     3.9992     3.9992    
 2.94       0.57854    1.783      1.7356     9.2619     1.2895     1.2895     3.9862     3.9862    
 2.95       0.57855    1.793      1.7356     9.2347     1.2894     1.2894     3.9726     3.9726    
 2.96       0.57855    1.803      1.7356     9.2063     1.2893     1.2893     3.9585     3.9585    
 2.97       0.57855    1.813      1.7356     9.1766     1.2892     1.2892     3.9437     3.9437    
 2.98       0.57855    1.823      1.7356     9.1457     1.2891     1.2891     3.9283     3.9283    
 2.99       0.57855    1.833      1.7357     9.1134     1.289      1.289      3.9122     3.9122    
 3.         0.57855    1.843      1.7357     9.0797     1.2889     1.2889     3.8954     3.8954    
 3.01       0.57855    1.853      1.7357     9.0445     1.2888     1.2888     3.8778     3.8778    
 3.02       0.57855    1.863      1.7357     9.0078     1.2887     1.2887     3.8595     3.8595    
 3.03       0.57856    1.873      1.7357     8.9694     1.2886     1.2886     3.8404     3.8404    
 3.04       0.57856    1.883      1.7357     8.9295     1.2885     1.2885     3.8205     3.8205    
 3.05       0.57856    1.893      1.7357     8.8877     1.2884     1.2884     3.7997     3.7997    
 3.06       0.57856    1.903      1.7357     8.8441     1.2883     1.2883     3.7779     3.7779    
 3.07       0.57856    1.913      1.7357     8.7987     1.2881     1.2881     3.7553     3.7553    
 3.08       0.57856    1.923      1.7357     8.7512     1.288      1.288      3.7316     3.7316    
 3.09       0.57857    1.933      1.7357     8.7017     1.2879     1.2879     3.7069     3.7069    
 3.1        0.57857    1.943      1.7357     8.6499     1.2877     1.2877     3.6811     3.6811    
 3.11       0.57857    1.9529     1.7357     8.596      1.2876     1.2876     3.6542     3.6542    
 3.12       0.57857    1.9629     1.7357     8.5396     1.2874     1.2874     3.6261     3.6261    
 3.13       0.57857    1.9729     1.7357     8.4808     1.2872     1.2872     3.5968     3.5968    
 3.14       0.57858    1.9829     1.7357     8.4194     1.2869     1.2869     3.5662     3.5662    
 3.15       0.57858    1.9929     1.7357     8.3552     1.2867     1.2867     3.5343     3.5343    
 3.16       0.57859    2.0029     1.7358     8.2882     1.2863     1.2863     3.5009     3.5009    
 3.17       0.57859    2.0129     1.7358     8.2183     1.286      1.286      3.4662     3.4662    
 3.18       0.5786     2.0229     1.7358     8.1452     1.2855     1.2855     3.4299     3.4299    
 3.19       0.5786     2.0329     1.7358     8.0689     1.2849     1.2849     3.392      3.392     
 3.2        0.57861    2.0429     1.7358     7.9891     1.2842     1.2842     3.3524     3.3524    
 3.21       0.57863    2.0528     1.7359     7.9056     1.2833     1.2833     3.3112     3.3112    
 3.22       0.57864    2.0628     1.7359     7.8183     1.2822     1.2822     3.2681     3.2681    
 3.23       0.57866    2.0728     1.736      7.727      1.2807     1.2807     3.2231     3.2231    
 3.24       0.57868    2.0827     1.736      7.6314     1.2789     1.2789     3.1762     3.1762    
 3.25       0.57871    2.0927     1.7361     7.5312     1.2766     1.2766     3.1273     3.1273    
 3.26       0.57875    2.1026     1.7362     7.4261     1.2737     1.2737     3.0762     3.0762    
 3.27       0.5788     2.1125     1.7364     7.3157     1.27       1.27       3.0229     3.0229    
 3.28       0.57886    2.1224     1.7366     7.1997     1.2653     1.2653     2.9672     2.9672    
 3.29       0.57894    2.1322     1.7368     7.0776     1.2593     1.2593     2.9092     2.9092    
 3.3        0.57903    2.142      1.7371     6.9489     1.2518     1.2518     2.8486     2.8486    
 3.31       0.57915    2.1518     1.7375     6.813      1.2423     1.2423     2.7853     2.7853    
 3.32       0.5793     2.1615     1.7379     6.6692     1.2305     1.2305     2.7194     2.7194    
 3.33       0.57949    2.1711     1.7385     6.5169     1.2158     1.2158     2.6505     2.6505    
 3.34       0.57972    2.1806     1.7392     6.3552     1.1978     1.1978     2.5787     2.5787    
 3.35       0.57999    2.1901     1.74       6.1833     1.1759     1.1759     2.5037     2.5037    
 3.36       0.58032    2.1994     1.741      6.0005     1.1495     1.1495     2.4255     2.4255    
 3.37       0.58071    2.2086     1.7421     5.8058     1.1181     1.1181     2.3438     2.3438    
 3.38       0.58117    2.2177     1.7435     5.5985     1.0812     1.0812     2.2587     2.2587    
 3.39       0.58169    2.2267     1.7451     5.3778     1.0382     1.0382     2.1698     2.1698    
 3.4        0.58227    2.2355     1.7468     5.143      0.98892    0.98892    2.0771     2.0771    
 3.41       0.58293    2.2442     1.7488     4.8936     0.93295    0.93295    1.9803     1.9803    
 3.42       0.58365    2.2527     1.751      4.6289     0.8701     0.8701     1.8794     1.8794    
 3.43       0.58445    2.2612     1.7533     4.3484     0.80021    0.80021    1.7741     1.7741    
 3.44       0.5853     2.2694     1.7559     4.0516     0.72315    0.72315    1.6642     1.6642    
 3.45       0.58621    2.2776     1.7586     3.7381     0.63886    0.63886    1.5496     1.5496    
 3.46       0.58718    2.2857     1.7615     3.4073     0.54727    0.54727    1.43       1.43      
 3.47       0.5882     2.2936     1.7646     3.0589     0.44833    0.44833    1.3053     1.3053    
 3.48       0.58927    2.3015     1.7678     2.6923     0.34198    0.34198    1.1752     1.1752    
 3.49       0.59038    2.3093     1.7712     2.307      0.22816    0.22816    1.0394     1.0394    
 3.5        0.59154    2.3169     1.7746     1.9025     0.10679    0.10679    0.89785    0.89785   
 3.51       0.59273    2.3246     1.7782     1.4781    -0.022237  -0.022237   0.75016    0.75016   
 3.52       0.59395    2.3321     1.7819     1.0332    -0.15904   -0.15904    0.59612    0.59612   
 3.53       0.59521    2.3396     1.7856     0.56716   -0.30375   -0.30375    0.43545    0.43545   
 3.54       0.59649    2.347      1.7895     0.079235  -0.45653   -0.45653    0.26788    0.26788   
 3.55       0.5978     2.3544     1.7934    -0.43134   -0.61758   -0.61758    0.09312    0.09312   
 3.56       0.59913    2.3617     1.7974    -0.96537   -0.78709   -0.78709   -0.08914   -0.08914   
 3.57       0.60049    2.369      1.8015    -1.5237    -0.9653    -0.9653    -0.27921   -0.27921   
 3.58       0.60186    2.3763     1.8056    -2.1073    -1.1524    -1.1524    -0.47741   -0.47741   
 3.59       0.60326    2.3835     1.8098    -2.717     -1.3488    -1.3488    -0.68409   -0.68409   
 3.6        0.60467    2.3906     1.814     -3.3538    -1.5547    -1.5547    -0.8996    -0.8996    
