#           v(1)       v(4)       v(3)       i(Vbias)   i(Rs.Xcel1 i(Rs.Xcel4 i(Rs.Xcel1 i(Rs.Xcel1 v(Dbypass1 v(Dbypass2 i(Dbypass1 i(Dbypass2 p(Dbypass1 p(Dbypass2
 0.         0.1286    -1.1565     0.38581    12.899     4.2987     1.3054     4.3        4.3       -0.38581    0.38568   -1.E-6      2.9933     385.81E-9  1.1545    
 0.01       0.13194   -1.1465     0.39581    12.899     4.2986     1.3054     4.3        4.3       -0.39581    0.38568   -1.E-6      2.9932     395.81E-9  1.1544    
 0.02       0.13527   -1.1365     0.40581    12.899     4.2986     1.3054     4.3        4.3       -0.40581    0.38568   -1.E-6      2.9932     405.81E-9  1.1544    
 0.03       0.1386    -1.1265     0.41581    12.898     4.2986     1.3054     4.2999     4.2999    -0.41581    0.38568   -1.E-6      2.9932     415.81E-9  1.1544    
 0.04       0.14194   -1.1165     0.42581    12.898     4.2985     1.3054     4.2999     4.2999    -0.42581    0.38568   -1.E-6      2.9931     425.81E-9  1.1544    
 0.05       0.14527   -1.1065     0.43581    12.898     4.2985     1.3054     4.2999     4.2999    -0.43581    0.38568   -1.E-6      2.9931     435.81E-9  1.1544    
 0.06       0.1486    -1.0965     0.44581    12.898     4.2985     1.3054     4.2999     4.2999    -0.44581    0.38568   -1.E-6      2.993      445.81E-9  1.1544    
 0.07       0.15194   -1.0865     0.45581    12.898     4.2984     1.3054     4.2999     4.2999    -0.45581    0.38568   -1.E-6      2.993      455.81E-9  1.1543    
 0.08       0.15527   -1.0765     0.46581    12.898     4.2984     1.3054     4.2999     4.2999    -0.46581    0.38568   -1.E-6      2.993      465.81E-9  1.1543    
 0.09       0.1586    -1.0665     0.47581    12.898     4.2984     1.3054     4.2998     4.2998    -0.47581    0.38568   -1.E-6      2.9929     475.81E-9  1.1543    
 0.1        0.16194   -1.0565     0.48581    12.898     4.2983     1.3054     4.2998     4.2998    -0.48581    0.38568   -1.E-6      2.9929     485.81E-9  1.1543    
 0.11       0.16527   -1.0465     0.49581    12.898     4.2983     1.3054     4.2998     4.2998    -0.49581    0.38568   -1.E-6      2.9928     495.81E-9  1.1543    
 0.12       0.1686    -1.0365     0.50581    12.898     4.2982     1.3054     4.2998     4.2998    -0.50581    0.38568   -1.E-6      2.9928     505.81E-9  1.1543    
 0.13       0.17194   -1.0265     0.51581    12.898     4.2982     1.3054     4.2998     4.2998    -0.51581    0.38568   -1.E-6      2.9928     515.81E-9  1.1542    
 0.14       0.17527   -1.0165     0.52581    12.898     4.2982     1.3054     4.2998     4.2998    -0.52581    0.38568   -1.E-6      2.9927     525.81E-9  1.1542    
 0.15       0.1786    -1.0065     0.53581    12.898     4.2981     1.3054     4.2997     4.2997    -0.53581    0.38568   -1.E-6      2.9927     535.81E-9  1.1542    
 0.16       0.18194   -0.99654    0.54581    12.898     4.2981     1.3054     4.2997     4.2997    -0.54581    0.38568   -1.E-6      2.9926     545.81E-9  1.1542    
 0.17       0.18527   -0.98654    0.55581    12.897     4.298      1.3054     4.2997     4.2997    -0.55581    0.38568   -1.E-6      2.9926     555.81E-9  1.1542    
 0.18       0.1886    -0.97654    0.56581    12.897     4.298      1.3054     4.2997     4.2997    -0.56581    0.38568   -1.E-6      2.9926     565.81E-9  1.1542    
 0.19       0.19194   -0.96654    0.57581    12.897     4.2979     1.3054     4.2997     4.2997    -0.57581    0.38568   -1.E-6      2.9925     575.81E-9  1.1541    
 0.2        0.19527   -0.95654    0.58581    12.897     4.2979     1.3054     4.2997     4.2997    -0.58581    0.38568   -1.E-6      2.9925     585.81E-9  1.1541    
 0.21       0.1986    -0.94654    0.59581    12.897     4.2978     1.3054     4.2996     4.2996    -0.59581    0.38568   -1.E-6      2.9924     595.81E-9  1.1541    
 0.22       0.20193   -0.93654    0.6058     12.897     4.2978     1.3054     4.2996     4.2996    -0.6058     0.38568   -1.E-6      2.9924     605.8E-9   1.1541    
 0.23       0.20527   -0.92654    0.6158     12.897     4.2977     1.3054     4.2996     4.2996    -0.6158     0.38568   -1.E-6      2.9923     615.8E-9   1.1541    
 0.24       0.2086    -0.91654    0.6258     12.897     4.2977     1.3054     4.2996     4.2996    -0.6258     0.38567   -1.E-6      2.9923     625.8E-9   1.154     
 0.25       0.21193   -0.90654    0.6358     12.897     4.2976     1.3054     4.2996     4.2996    -0.6358     0.38567   -1.E-6      2.9922     635.8E-9   1.154     
 0.26       0.21527   -0.89654    0.6458     12.897     4.2976     1.3054     4.2996     4.2996    -0.6458     0.38567   -1.E-6      2.9922     645.8E-9   1.154     
 0.27       0.2186    -0.88654    0.6558     12.897     4.2975     1.3054     4.2995     4.2995    -0.6558     0.38567   -1.E-6      2.9921     655.8E-9   1.154     
 0.28       0.22193   -0.87654    0.6658     12.897     4.2975     1.3054     4.2995     4.2995    -0.6658     0.38567   -1.E-6      2.992      665.8E-9   1.154     
 0.29       0.22527   -0.86654    0.6758     12.896     4.2974     1.3054     4.2995     4.2995    -0.6758     0.38567   -1.E-6      2.992      675.8E-9   1.1539    
 0.3        0.2286    -0.85654    0.6858     12.896     4.2973     1.3054     4.2995     4.2995    -0.6858     0.38567   -1.E-6      2.9919     685.8E-9   1.1539    
 0.31       0.23193   -0.84654    0.6958     12.896     4.2973     1.3054     4.2995     4.2995    -0.6958     0.38567   -1.E-6      2.9919     695.8E-9   1.1539    
 0.32       0.23527   -0.83654    0.7058     12.896     4.2972     1.3054     4.2995     4.2995    -0.7058     0.38567   -1.E-6      2.9918     705.8E-9   1.1538    
 0.33       0.2386    -0.82654    0.7158     12.896     4.2971     1.3054     4.2994     4.2994    -0.7158     0.38567   -1.E-6      2.9917     715.8E-9   1.1538    
 0.34       0.24193   -0.81654    0.7258     12.896     4.2971     1.3054     4.2994     4.2994    -0.7258     0.38567   -1.E-6      2.9916     725.8E-9   1.1538    
 0.35       0.24527   -0.80654    0.7358     12.896     4.297      1.3054     4.2994     4.2994    -0.7358     0.38567   -1.E-6      2.9916     735.8E-9   1.1538    
 0.36       0.2486    -0.79654    0.7458     12.896     4.2969     1.3054     4.2994     4.2994    -0.7458     0.38567   -1.E-6      2.9915     745.8E-9   1.1537    
 0.37       0.25193   -0.78654    0.7558     12.896     4.2968     1.3054     4.2994     4.2994    -0.7558     0.38567   -1.E-6      2.9914     755.8E-9   1.1537    
 0.38       0.25527   -0.77654    0.7658     12.895     4.2967     1.3054     4.2994     4.2994    -0.7658     0.38567   -1.E-6      2.9913     765.8E-9   1.1536    
 0.39       0.2586    -0.76654    0.77579    12.895     4.2966     1.3054     4.2993     4.2993    -0.77579    0.38567   -1.E-6      2.9912     775.79E-9  1.1536    
 0.4        0.26193   -0.75654    0.78579    12.895     4.2965     1.3054     4.2993     4.2993    -0.78579    0.38566   -1.E-6      2.9911     785.79E-9  1.1536    
 0.41       0.26526   -0.74654    0.79579    12.895     4.2964     1.3054     4.2993     4.2993    -0.79579    0.38566   -1.E-6      2.991      795.79E-9  1.1535    
 0.42       0.2686    -0.73654    0.80579    12.895     4.2963     1.3054     4.2993     4.2993    -0.80579    0.38566   -1.E-6      2.9909     805.79E-9  1.1535    
 0.43       0.27193   -0.72654    0.81579    12.895     4.2962     1.3054     4.2993     4.2993    -0.81579    0.38566   -1.E-6      2.9907     815.79E-9  1.1534    
 0.44       0.27526   -0.71654    0.82579    12.895     4.296      1.3054     4.2993     4.2993    -0.82579    0.38566   -1.E-6      2.9906     825.79E-9  1.1534    
 0.45       0.2786    -0.70654    0.83579    12.894     4.2959     1.3054     4.2992     4.2992    -0.83579    0.38566   -1.E-6      2.9905     835.79E-9  1.1533    
 0.46       0.28193   -0.69654    0.84579    12.894     4.2957     1.3054     4.2992     4.2992    -0.84579    0.38566   -1.E-6      2.9903     845.79E-9  1.1532    
 0.47       0.28526   -0.68654    0.85579    12.894     4.2956     1.3054     4.2992     4.2992    -0.85579    0.38566   -1.E-6      2.9901     855.79E-9  1.1532    
 0.48       0.28859   -0.67654    0.86578    12.894     4.2954     1.3054     4.2992     4.2992    -0.86578    0.38566   -1.E-6      2.99       865.78E-9  1.1531    
 0.49       0.29193   -0.66654    0.87578    12.894     4.2952     1.3054     4.2992     4.2992    -0.87578    0.38565   -1.E-6      2.9898     875.78E-9  1.153     
 0.5        0.29526   -0.65654    0.88578    12.893     4.295      1.3054     4.2992     4.2992    -0.88578    0.38565   -1.E-6      2.9896     885.78E-9  1.1529    
 0.51       0.29859   -0.64654    0.89578    12.893     4.2948     1.3054     4.2991     4.2991    -0.89578    0.38565   -1.E-6      2.9894     895.78E-9  1.1528    
 0.52       0.30193   -0.63654    0.90578    12.893     4.2946     1.3054     4.2991     4.2991    -0.90578    0.38565   -1.E-6      2.9891     905.78E-9  1.1528    
 0.53       0.30526   -0.62654    0.91577    12.893     4.2943     1.3054     4.2991     4.2991    -0.91577    0.38565   -1.E-6      2.9889     915.77E-9  1.1526    
 0.54       0.30859   -0.61654    0.92577    12.892     4.294      1.3054     4.2991     4.2991    -0.92577    0.38564   -1.E-6      2.9886     925.77E-9  1.1525    
 0.55       0.31192   -0.60654    0.93577    12.892     4.2937     1.3054     4.2991     4.2991    -0.93577    0.38564   -1.E-6      2.9883     935.77E-9  1.1524    
 0.56       0.31526   -0.59654    0.94577    12.892     4.2934     1.3054     4.2991     4.2991    -0.94577    0.38564   -1.E-6      2.988      945.77E-9  1.1523    
 0.57       0.31859   -0.58654    0.95576    12.891     4.2931     1.3054     4.299      4.299     -0.95576    0.38564   -1.E-6      2.9877     955.76E-9  1.1521    
 0.58       0.32192   -0.57654    0.96576    12.891     4.2927     1.3054     4.299      4.299     -0.96576    0.38563   -1.E-6      2.9873     965.76E-9  1.152     
 0.59       0.32525   -0.56654    0.97576    12.89      4.2923     1.3054     4.299      4.299     -0.97576    0.38563   -1.E-6      2.9869     975.76E-9  1.1518    
 0.6        0.32858   -0.55654    0.98575    12.89      4.2919     1.3054     4.299      4.299     -0.98575    0.38562   -1.E-6      2.9865     985.75E-9  1.1517    
 0.61       0.33192   -0.54654    0.99575    12.889     4.2914     1.3054     4.299      4.299     -0.99575    0.38562   -1.E-6      2.986      995.75E-9  1.1515    
 0.62       0.33525   -0.53654    1.0057     12.889     4.2909     1.3054     4.2989     4.2989    -1.0057     0.38562   -1.E-6      2.9855     1.0057E-6  1.1513    
 0.63       0.33858   -0.52654    1.0157     12.888     4.2904     1.3054     4.2989     4.2989    -1.0157     0.38561   -1.E-6      2.985      1.0157E-6  1.151     
 0.64       0.34191   -0.51654    1.0257     12.888     4.2898     1.3054     4.2989     4.2989    -1.0257     0.38561   -1.E-6      2.9844     1.0257E-6  1.1508    
 0.65       0.34524   -0.50654    1.0357     12.887     4.2891     1.3054     4.2989     4.2989    -1.0357     0.3856    -1.E-6      2.9837     1.0357E-6  1.1505    
 0.66       0.34857   -0.49654    1.0457     12.886     4.2884     1.3054     4.2989     4.2989    -1.0457     0.38559   -1.E-6      2.983      1.0457E-6  1.1502    
 0.67       0.35191   -0.48654    1.0557     12.885     4.2877     1.3054     4.2989     4.2989    -1.0557     0.38559   -1.E-6      2.9823     1.0557E-6  1.1499    
 0.68       0.35524   -0.47654    1.0657     12.885     4.2869     1.3054     4.2988     4.2988    -1.0657     0.38558   -1.E-6      2.9814     1.0657E-6  1.1496    
 0.69       0.35857   -0.46654    1.0757     12.884     4.286      1.3054     4.2988     4.2988    -1.0757     0.38557   -1.E-6      2.9805     1.0757E-6  1.1492    
 0.7        0.3619    -0.45654    1.0857     12.883     4.285      1.3054     4.2988     4.2988    -1.0857     0.38557   -1.E-6      2.9796     1.0857E-6  1.1488    
 0.71       0.36523   -0.44654    1.0957     12.882     4.2839     1.3054     4.2988     4.2988    -1.0957     0.38556   -1.E-6      2.9785     1.0957E-6  1.1484    
 0.72       0.36856   -0.43654    1.1057     12.88      4.2828     1.3054     4.2988     4.2988    -1.1057     0.38555   -1.E-6      2.9774     1.1057E-6  1.1479    
 0.73       0.37189   -0.42654    1.1157     12.879     4.2816     1.3054     4.2988     4.2988    -1.1157     0.38554   -1.E-6      2.9761     1.1157E-6  1.1474    
 0.74       0.37522   -0.41654    1.1257     12.878     4.2802     1.3054     4.2987     4.2987    -1.1257     0.38552   -1.E-6      2.9748     1.1257E-6  1.1468    
 0.75       0.37855   -0.40654    1.1356     12.876     4.2787     1.3054     4.2987     4.2987    -1.1356     0.38551   -1.E-6      2.9733     1.1356E-6  1.1462    
 0.76       0.38188   -0.39654    1.1456     12.875     4.2771     1.3054     4.2987     4.2987    -1.1456     0.3855    -1.E-6      2.9717     1.1456E-6  1.1456    
 0.77       0.3852    -0.38654    1.1556     12.873     4.2754     1.3054     4.2987     4.2987    -1.1556     0.38548   -1.E-6      2.97       1.1556E-6  1.1449    
 0.78       0.38853   -0.37654    1.1656     12.871     4.2735     1.3054     4.2987     4.2987    -1.1656     0.38547   -1.E-6      2.9681     1.1656E-6  1.1441    
 0.79       0.39186   -0.36654    1.1756     12.869     4.2715     1.3054     4.2986     4.2986    -1.1756     0.38545   -1.E-6      2.966      1.1756E-6  1.1432    
 0.8        0.39519   -0.35654    1.1856     12.866     4.2692     1.3054     4.2986     4.2986    -1.1856     0.38543   -1.E-6      2.9638     1.1856E-6  1.1423    
 0.81       0.39851   -0.34654    1.1955     12.864     4.2668     1.3054     4.2986     4.2986    -1.1955     0.38541   -1.E-6      2.9614     1.1955E-6  1.1413    
 0.82       0.40184   -0.33654    1.2055     12.861     4.2641     1.3054     4.2986     4.2986    -1.2055     0.38538   -1.E-6      2.9587     1.2055E-6  1.1402    
 0.83       0.40516   -0.32654    1.2155     12.858     4.2613     1.3054     4.2986     4.2986    -1.2155     0.38536   -1.E-6      2.9558     1.2155E-6  1.1391    
 0.84       0.40849   -0.31655    1.2255     12.855     4.2581     1.3054     4.2986     4.2986    -1.2255     0.38533   -1.E-6      2.9527     1.2255E-6  1.1378    
 0.85       0.41181   -0.30655    1.2354     12.852     4.2547     1.3054     4.2985     4.2985    -1.2354     0.3853    -1.E-6      2.9493     1.2354E-6  1.1364    
 0.86       0.41513   -0.29655    1.2454     12.848     4.251      1.3054     4.2985     4.2985    -1.2454     0.38527   -1.E-6      2.9456     1.2454E-6  1.1348    
 0.87       0.41845   -0.28655    1.2554     12.844     4.2469     1.3054     4.2985     4.2985    -1.2554     0.38523   -1.E-6      2.9415     1.2554E-6  1.1332    
 0.88       0.42177   -0.27655    1.2653     12.84      4.2425     1.3054     4.2985     4.2985    -1.2653     0.38519   -1.E-6      2.9371     1.2653E-6  1.1314    
 0.89       0.42509   -0.26655    1.2753     12.835     4.2378     1.3054     4.2985     4.2985    -1.2753     0.38515   -1.E-6      2.9323     1.2753E-6  1.1294    
 0.9        0.42841   -0.25655    1.2852     12.829     4.2325     1.3054     4.2984     4.2984    -1.2852     0.38511   -1.E-6      2.9271     1.2852E-6  1.1273    
 0.91       0.43173   -0.24655    1.2952     12.824     4.2269     1.3054     4.2984     4.2984    -1.2952     0.38506   -1.E-6      2.9215     1.2952E-6  1.1249    
 0.92       0.43504   -0.23655    1.3051     12.818     4.2207     1.3054     4.2984     4.2984    -1.3051     0.385     -1.E-6      2.9153     1.3051E-6  1.1224    
 0.93       0.43836   -0.22655    1.3151     12.811     4.214      1.3054     4.2984     4.2984    -1.3151     0.38494   -1.E-6      2.9086     1.3151E-6  1.1196    
 0.94       0.44167   -0.21655    1.325      12.803     4.2067     1.3054     4.2984     4.2984    -1.325      0.38488   -1.E-6      2.9013     1.325E-6   1.1166    
 0.95       0.44498   -0.20655    1.3349     12.795     4.1987     1.3054     4.2984     4.2984    -1.3349     0.38481   -1.E-6      2.8933     1.3349E-6  1.1134    
 0.96       0.44829   -0.19655    1.3449     12.787     4.1901     1.3054     4.2983     4.2983    -1.3449     0.38473   -1.E-6      2.8847     1.3449E-6  1.1098    
 0.97       0.45159   -0.18655    1.3548     12.777     4.1807     1.3054     4.2983     4.2983    -1.3548     0.38464   -1.E-6      2.8753     1.3548E-6  1.106     
 0.98       0.45489   -0.17655    1.3647     12.767     4.1705     1.3054     4.2983     4.2983    -1.3647     0.38455   -1.E-6      2.8651     1.3647E-6  1.1018    
 0.99       0.45819   -0.16655    1.3746     12.756     4.1593     1.3054     4.2983     4.2983    -1.3746     0.38445   -1.E-6      2.8539     1.3746E-6  1.0972    
 1.         0.46149   -0.15655    1.3845     12.744     4.1472     1.3054     4.2983     4.2983    -1.3845     0.38434   -1.E-6      2.8418     1.3845E-6  1.0922    
 1.01       0.46478   -0.14655    1.3943     12.731     4.1341     1.3054     4.2982     4.2982    -1.3943     0.38422   -1.E-6      2.8287     1.3943E-6  1.0868    
 1.02       0.46807   -0.13655    1.4042     12.716     4.1198     1.3054     4.2982     4.2982    -1.4042     0.38409   -1.E-6      2.8144     1.4042E-6  1.081     
 1.03       0.47136   -0.12655    1.4141     12.701     4.1043     1.3054     4.2982     4.2982    -1.4141     0.38395   -1.E-6      2.7989     1.4141E-6  1.0746    
 1.04       0.47464   -0.11655    1.4239     12.684     4.0874     1.3054     4.2982     4.2982    -1.4239     0.38379   -1.E-6      2.782      1.4239E-6  1.0677    
 1.05       0.47792   -0.10655    1.4337     12.665     4.069      1.3054     4.2982     4.2982    -1.4337     0.38362   -1.E-6      2.7636     1.4337E-6  1.0602    
 1.06       0.48119   -0.096548   1.4436     12.645     4.0491     1.3054     4.2981     4.2981    -1.4436     0.38343   -1.E-6      2.7437     1.4436E-6  1.052     
 1.07       0.48445   -0.086548   1.4534     12.624     4.0275     1.3054     4.2981     4.2981    -1.4534     0.38323   -1.E-6      2.7221     1.4534E-6  1.0432    
 1.08       0.48771   -0.076548   1.4631     12.6       4.004      1.3054     4.2981     4.2981    -1.4631     0.383     -1.E-6      2.6986     1.4631E-6  1.0336    
 1.09       0.49096   -0.066548   1.4729     12.575     3.9786     1.3054     4.2981     4.2981    -1.4729     0.38276   -1.E-6      2.6732     1.4729E-6  1.0232    
 1.1        0.49421   -0.056549   1.4826     12.547     3.951      1.3054     4.298      4.298     -1.4826     0.38249   -1.E-6      2.6456     1.4826E-6  1.0119    
 1.11       0.49744   -0.046549   1.4923     12.517     3.921      1.3054     4.298      4.298     -1.4923     0.3822    -1.E-6      2.6157     1.4923E-6  0.99969   
 1.12       0.50067   -0.03655    1.502      12.485     3.8886     1.3054     4.298      4.298     -1.502      0.38187   -1.E-6      2.5832     1.502E-6   0.98647   
 1.13       0.50388   -0.02655    1.5116     12.449     3.8535     1.3054     4.298      4.298     -1.5116     0.38152   -1.E-6      2.5481     1.5116E-6  0.97216   
 1.14       0.50708   -0.016551   1.5213     12.411     3.8155     1.3054     4.298      4.298     -1.5213     0.38113   -1.E-6      2.5101     1.5213E-6  0.9567    
 1.15       0.51028   -0.0065511  1.5308     12.37      3.7745     1.3054     4.2979     4.2979    -1.5308     0.3807    -1.E-6      2.4691     1.5308E-6  0.93999   
 1.16       0.51345    0.0034484  1.5404     12.326     3.7301     1.3054     4.2979     4.2979    -1.5404     0.38024   -1.E-6      2.4247     1.5404E-6  0.92196   
 1.17       0.51661    0.013448   1.5498     12.278     3.6822     1.3054     4.2979     4.2979    -1.5498     0.37972   -1.E-6      2.3768     1.5498E-6  0.90252   
 1.18       0.51976    0.023447   1.5593     12.226     3.6305     1.3054     4.2979     4.2979    -1.5593     0.37915   -1.E-6      2.3252     1.5593E-6  0.88159   
 1.19       0.52288    0.033446   1.5686     12.171     3.5749     1.3054     4.2978     4.2978    -1.5686     0.37852   -1.E-6      2.2695     1.5686E-6  0.85907   
 1.2        0.52598    0.043446   1.578      12.111     3.515      1.3053     4.2978     4.2978    -1.578      0.37783   -1.E-6      2.2097     1.578E-6   0.83489   
 1.21       0.52906    0.053445   1.5872     12.046     3.4507     1.3053     4.2978     4.2978    -1.5872     0.37707   -1.E-6      2.1454     1.5872E-6  0.80897   
 1.22       0.53212    0.063444   1.5963     11.977     3.3818     1.3053     4.2978     4.2978    -1.5963     0.37623   -1.E-6      2.0765     1.5963E-6  0.78123   
 1.23       0.53514    0.073443   1.6054     11.904     3.308      1.3053     4.2977     4.2977    -1.6054     0.37529   -1.E-6      2.0027     1.6054E-6  0.7516    
 1.24       0.53812    0.083442   1.6144     11.825     3.2293     1.3053     4.2977     4.2977    -1.6144     0.37425   -1.E-6      1.924      1.6144E-6  0.72004   
 1.25       0.54107    0.093441   1.6232     11.741     3.1454     1.3053     4.2977     4.2977    -1.6232     0.3731    -1.E-6      1.8401     1.6232E-6  0.68652   
 1.26       0.54398    0.10344    1.6319     11.652     3.0563     1.3053     4.2977     4.2977    -1.6319     0.37182   -1.E-6      1.751      1.6319E-6  0.65104   
 1.27       0.54683    0.11344    1.6405     11.557     2.962      1.3053     4.2976     4.2976    -1.6405     0.37038   -1.E-6      1.6567     1.6405E-6  0.61361   
 1.28       0.54963    0.12344    1.6489     11.458     2.8626     1.3053     4.2976     4.2976    -1.6489     0.36878   -1.E-6      1.5573     1.6489E-6  0.57431   
 1.29       0.55237    0.13344    1.6571     11.354     2.7583     1.3052     4.2976     4.2976    -1.6571     0.36699   -1.E-6      1.4531     1.6571E-6  0.53328   
 1.3        0.55503    0.14343    1.6651     11.245     2.6496     1.3052     4.2976     4.2976    -1.6651     0.36498   -1.E-6      1.3444     1.6651E-6  0.49069   
 1.31       0.55761    0.15343    1.6728     11.132     2.5371     1.3052     4.2975     4.2975    -1.6728     0.36272   -1.E-6      1.2319     1.6728E-6  0.44682   
 1.32       0.56009    0.16343    1.6803     11.016     2.4214     1.3052     4.2975     4.2975    -1.6803     0.36017   -1.E-6      1.1163     1.6803E-6  0.40204   
 1.33       0.56247    0.17343    1.6874     10.899     2.3038     1.3051     4.2975     4.2975    -1.6874     0.35729   -1.E-6      0.9987     1.6874E-6  0.35683   
 1.34       0.56472    0.18343    1.6941     10.781     2.1857     1.3051     4.2974     4.2974    -1.6941     0.35404   -1.E-6      0.88061    1.6941E-6  0.31177   
 1.35       0.56682    0.19342    1.7005     10.664     2.0688     1.3051     4.2974     4.2974    -1.7005     0.35036   -1.E-6      0.76372    1.7005E-6  0.26757   
 1.36       0.56876    0.20342    1.7063     10.55      1.9551     1.305      4.2974     4.2974    -1.7063     0.34619   -1.E-6      0.65007    1.7063E-6  0.22505   
 1.37       0.57053    0.21342    1.7116     10.442     1.8469     1.305      4.2973     4.2973    -1.7116     0.34148   -1.E-6      0.54194    1.7116E-6  0.18506   
 1.38       0.5721     0.22342    1.7163     10.341     1.7466     1.3049     4.2973     4.2973    -1.7163     0.33619   -1.E-6      0.44165    1.7163E-6  0.14848   
 1.39       0.57346    0.23341    1.7204     10.251     1.6562     1.3049     4.2973     4.2973    -1.7204     0.33027   -1.E-6      0.35135    1.7204E-6  0.11604   
 1.4        0.57461    0.24341    1.7238     10.172     1.5775     1.3048     4.2972     4.2972    -1.7238     0.32372   -1.E-6      0.2727     1.7238E-6  0.088278  
 1.41       0.57555    0.25341    1.7266     10.106     1.5113     1.3047     4.2972     4.2972    -1.7266     0.31654   -1.E-6      0.2066     1.7266E-6  0.065398  
 1.42       0.57629    0.26341    1.7289     10.052     1.4577     1.3047     4.2972     4.2972    -1.7289     0.30878   -1.E-6      0.15304    1.7289E-6  0.047256  
 1.43       0.57687    0.2734     1.7306     10.01      1.4157     1.3046     4.2971     4.2971    -1.7306     0.3005    -1.E-6      0.11113    1.7306E-6  0.033395  
 1.44       0.5773     0.2834     1.7319     9.978      1.3838     1.3045     4.2971     4.2971    -1.7319     0.29179   -1.E-6      0.079357   1.7319E-6  0.023156  
 1.45       0.57761    0.2934     1.7328     9.9544     1.3603     1.3044     4.2971     4.2971    -1.7328     0.28274   -1.E-6      0.055915   1.7328E-6  0.015809  
 1.46       0.57784    0.3034     1.7335     9.9373     1.3433     1.3043     4.297      4.297     -1.7335     0.27342   -1.E-6      0.038994   1.7335E-6  0.010662  
 1.47       0.578      0.31339    1.734      9.9252     1.3312     1.3042     4.297      4.297     -1.734      0.2639    -1.E-6      0.026986   1.734E-6   0.0071216 
 1.48       0.57811    0.32339    1.7343     9.9166     1.3227     1.3041     4.2969     4.2969    -1.7343     0.25423   -1.E-6      0.018573   1.7343E-6  0.0047217 
 1.49       0.57819    0.33339    1.7346     9.9105     1.3167     1.304      4.2969     4.2969    -1.7346     0.24447   -1.E-6      0.012732   1.7346E-6  0.0031124 
 1.5        0.57824    0.34339    1.7347     9.9063     1.3126     1.3039     4.2969     4.2969    -1.7347     0.23463   -1.E-6      0.0087032  1.7347E-6  0.002042  
 1.51       0.57828    0.35338    1.7348     9.9034     1.3098     1.3038     4.2968     4.2968    -1.7348     0.22474   -1.E-6      0.0059379  1.7348E-6  0.0013345 
 1.52       0.57831    0.36338    1.7349     9.9013     1.3078     1.3037     4.2968     4.2968    -1.7349     0.21482   -1.E-6      0.0040458  1.7349E-6  869.11E-6 
 1.53       0.57832    0.37338    1.735      9.8998     1.3064     1.3036     4.2967     4.2967    -1.735      0.20487   -1.E-6      0.0027539  1.735E-6   564.21E-6 
 1.54       0.57834    0.38338    1.735      9.8987     1.3054     1.3035     4.2967     4.2967    -1.735      0.19491   -1.E-6      0.0018733  1.735E-6   365.13E-6 
 1.55       0.57835    0.39337    1.735      9.8979     1.3047     1.3034     4.2966     4.2966    -1.735      0.18494   -1.E-6      0.0012736  1.735E-6   235.55E-6 
 1.56       0.57835    0.40337    1.7351     9.8973     1.3042     1.3033     4.2966     4.2966    -1.7351     0.17496   -1.E-6      865.59E-6  1.7351E-6  151.44E-6 
 1.57       0.57836    0.41337    1.7351     9.8968     1.3038     1.3032     4.2965     4.2965    -1.7351     0.16497   -1.E-6      588.04E-6  1.7351E-6  97.012E-6 
 1.58       0.57836    0.42337    1.7351     9.8964     1.3035     1.3031     4.2965     4.2965    -1.7351     0.15499   -1.E-6      399.34E-6  1.7351E-6  61.891E-6 
 1.59       0.57836    0.43336    1.7351     9.8961     1.3033     1.303      4.2964     4.2964    -1.7351     0.14499   -1.E-6      271.06E-6  1.7351E-6  39.302E-6 
 1.6        0.57837    0.44336    1.7351     9.8958     1.3031     1.3029     4.2964     4.2964    -1.7351     0.135     -1.E-6      183.87E-6  1.7351E-6  24.823E-6 
 1.61       0.57837    0.45336    1.7351     9.8955     1.3029     1.3028     4.2963     4.2963    -1.7351     0.12501   -1.E-6      124.62E-6  1.7351E-6  15.579E-6 
 1.62       0.57837    0.46335    1.7351     9.8953     1.3028     1.3027     4.2962     4.2962    -1.7351     0.11501   -1.E-6      84.357E-6  1.7351E-6  9.7023E-6 
 1.63       0.57837    0.47335    1.7351     9.895      1.3027     1.3026     4.2962     4.2962    -1.7351     0.10502   -1.E-6      56.998E-6  1.7351E-6  5.9858E-6 
 1.64       0.57837    0.48335    1.7351     9.8948     1.3026     1.3025     4.2961     4.2961    -1.7351     0.095024  -1.E-6      38.407E-6  1.7351E-6  3.6496E-6 
 1.65       0.57838    0.49335    1.7351     9.8945     1.3024     1.3024     4.296      4.296     -1.7351     0.085028  -1.E-6      25.775E-6  1.7351E-6  2.1916E-6 
 1.66       0.57838    0.50334    1.7351     9.8943     1.3023     1.3023     4.296      4.296     -1.7351     0.075032  -1.E-6      17.193E-6  1.7351E-6  1.29E-6   
 1.67       0.57838    0.51334    1.7351     9.894      1.3022     1.3022     4.2959     4.2959    -1.7351     0.065036  -1.E-6      11.361E-6  1.7351E-6  738.87E-9 
 1.68       0.57838    0.52334    1.7351     9.8938     1.3021     1.3021     4.2958     4.2958    -1.7351     0.055041  -1.E-6      7.3986E-6  1.7351E-6  407.22E-9 
 1.69       0.57838    0.53334    1.7351     9.8935     1.302      1.302      4.2957     4.2957    -1.7351     0.045045  -1.E-6      4.7064E-6  1.7351E-6  212.E-9   
 1.7        0.57838    0.54333    1.7351     9.8932     1.3019     1.3019     4.2957     4.2957    -1.7351     0.035049  -1.E-6      2.8772E-6  1.7351E-6  100.84E-9 
 1.71       0.57838    0.55333    1.7352     9.893      1.3018     1.3018     4.2956     4.2956    -1.7352     0.025053  -1.E-6      1.6343E-6  1.7352E-6  40.944E-9 
 1.72       0.57839    0.56333    1.7352     9.8927     1.3017     1.3017     4.2955     4.2955    -1.7352     0.015057  -1.E-6      789.86E-9  1.7352E-6  11.893E-9 
 1.73       0.57839    0.57333    1.7352     9.8924     1.3016     1.3016     4.2954     4.2954    -1.7352     0.0050604 -1.E-6      216.11E-9  1.7352E-6  1.0936E-9 
 1.74       0.57839    0.58332    1.7352     9.8921     1.3015     1.3015     4.2953     4.2953    -1.7352    -0.0049356 -1.E-6     -173.73E-9  1.7352E-6  857.4E-12 
 1.75       0.57839    0.59332    1.7352     9.8919     1.3014     1.3014     4.2952     4.2952    -1.7352    -0.014932  -1.E-6     -438.59E-9  1.7352E-6  6.549E-9  
 1.76       0.57839    0.60332    1.7352     9.8916     1.3013     1.3013     4.2951     4.2951    -1.7352    -0.024928  -1.E-6     -618.56E-9  1.7352E-6  15.419E-9 
 1.77       0.57839    0.61332    1.7352     9.8913     1.3012     1.3012     4.295      4.295     -1.7352    -0.034924  -1.E-6     -740.83E-9  1.7352E-6  25.873E-9 
 1.78       0.57839    0.62331    1.7352     9.8909     1.3011     1.3011     4.2949     4.2949    -1.7352    -0.04492   -1.E-6     -823.91E-9  1.7352E-6  37.01E-9  
 1.79       0.57839    0.63331    1.7352     9.8906     1.301      1.301      4.2948     4.2948    -1.7352    -0.054916  -1.E-6     -880.36E-9  1.7352E-6  48.346E-9 
 1.8        0.5784     0.64331    1.7352     9.8903     1.3009     1.3009     4.2947     4.2947    -1.7352    -0.064912  -1.E-6     -918.71E-9  1.7352E-6  59.635E-9 
 1.81       0.5784     0.65331    1.7352     9.89       1.3008     1.3008     4.2946     4.2946    -1.7352    -0.074908  -1.E-6     -944.77E-9  1.7352E-6  70.771E-9 
 1.82       0.5784     0.6633     1.7352     9.8896     1.3007     1.3007     4.2944     4.2944    -1.7352    -0.084904  -1.E-6     -962.47E-9  1.7352E-6  81.718E-9 
 1.83       0.5784     0.6733     1.7352     9.8893     1.3006     1.3006     4.2943     4.2943    -1.7352    -0.0949    -1.E-6     -974.5E-9   1.7352E-6  92.481E-9 
 1.84       0.5784     0.6833     1.7352     9.8889     1.3005     1.3005     4.2942     4.2942    -1.7352    -0.1049    -1.E-6     -982.68E-9  1.7352E-6  103.08E-9 
 1.85       0.5784     0.69329    1.7352     9.8885     1.3004     1.3004     4.2941     4.2941    -1.7352    -0.11489   -1.E-6     -988.23E-9  1.7352E-6  113.54E-9 
 1.86       0.5784     0.70329    1.7352     9.8881     1.3003     1.3003     4.2939     4.2939    -1.7352    -0.12489   -1.E-6     -992.E-9    1.7352E-6  123.89E-9 
 1.87       0.5784     0.71329    1.7352     9.8877     1.3002     1.3002     4.2938     4.2938    -1.7352    -0.13488   -1.E-6     -994.57E-9  1.7352E-6  134.15E-9 
 1.88       0.57841    0.72329    1.7352     9.8873     1.3001     1.3001     4.2936     4.2936    -1.7352    -0.14488   -1.E-6     -996.31E-9  1.7352E-6  144.35E-9 
 1.89       0.57841    0.73328    1.7352     9.8869     1.3        1.3        4.2934     4.2934    -1.7352    -0.15488   -1.E-6     -997.49E-9  1.7352E-6  154.49E-9 
 1.9        0.57841    0.74328    1.7352     9.8865     1.2999     1.2999     4.2933     4.2933    -1.7352    -0.16487   -1.E-6     -998.3E-9   1.7352E-6  164.59E-9 
 1.91       0.57841    0.75328    1.7352     9.886      1.2998     1.2998     4.2931     4.2931    -1.7352    -0.17487   -1.E-6     -998.84E-9  1.7352E-6  174.67E-9 
 1.92       0.57841    0.76328    1.7352     9.8856     1.2997     1.2997     4.2929     4.2929    -1.7352    -0.18487   -1.E-6     -999.21E-9  1.7352E-6  184.72E-9 
 1.93       0.57841    0.77327    1.7352     9.8851     1.2996     1.2996     4.2927     4.2927    -1.7352    -0.19486   -1.E-6     -999.47E-9  1.7352E-6  194.76E-9 
 1.94       0.57841    0.78327    1.7352     9.8846     1.2995     1.2995     4.2926     4.2926    -1.7352    -0.20486   -1.E-6     -999.64E-9  1.7352E-6  204.78E-9 
 1.95       0.57842    0.79327    1.7352     9.8841     1.2994     1.2994     4.2923     4.2923    -1.7352    -0.21485   -1.E-6     -999.75E-9  1.7352E-6  214.8E-9  
 1.96       0.57842    0.80327    1.7352     9.8836     1.2993     1.2993     4.2921     4.2921    -1.7352    -0.22485   -1.E-6     -999.83E-9  1.7352E-6  224.81E-9 
 1.97       0.57842    0.81326    1.7353     9.8831     1.2992     1.2992     4.2919     4.2919    -1.7353    -0.23485   -1.E-6     -999.89E-9  1.7353E-6  234.82E-9 
 1.98       0.57842    0.82326    1.7353     9.8825     1.2991     1.2991     4.2917     4.2917    -1.7353    -0.24484   -1.E-6     -999.92E-9  1.7353E-6  244.82E-9 
 1.99       0.57842    0.83326    1.7353     9.8819     1.299      1.299      4.2915     4.2915    -1.7353    -0.25484   -1.E-6     -999.95E-9  1.7353E-6  254.82E-9 
 2.         0.57842    0.84326    1.7353     9.8813     1.2989     1.2989     4.2912     4.2912    -1.7353    -0.26483   -1.E-6     -999.96E-9  1.7353E-6  264.82E-9 
 2.01       0.57842    0.85325    1.7353     9.8807     1.2988     1.2988     4.291      4.291     -1.7353    -0.27483   -1.E-6     -999.98E-9  1.7353E-6  274.82E-9 
 2.02       0.57842    0.86325    1.7353     9.8801     1.2987     1.2987     4.2907     4.2907    -1.7353    -0.28483   -1.E-6     -999.98E-9  1.7353E-6  284.82E-9 
 2.03       0.57843    0.87325    1.7353     9.8794     1.2986     1.2986     4.2904     4.2904    -1.7353    -0.29482   -1.E-6     -999.99E-9  1.7353E-6  294.82E-9 
 2.04       0.57843    0.88324    1.7353     9.8788     1.2985     1.2985     4.2901     4.2901    -1.7353    -0.30482   -1.E-6     -999.99E-9  1.7353E-6  304.82E-9 
 2.05       0.57843    0.89324    1.7353     9.8781     1.2984     1.2984     4.2898     4.2898    -1.7353    -0.31481   -1.E-6     -999.99E-9  1.7353E-6  314.81E-9 
 2.06       0.57843    0.90324    1.7353     9.8773     1.2983     1.2983     4.2895     4.2895    -1.7353    -0.32481   -1.E-6     -1.E-6      1.7353E-6  324.81E-9 
 2.07       0.57843    0.91324    1.7353     9.8766     1.2982     1.2982     4.2892     4.2892    -1.7353    -0.33481   -1.E-6     -1.E-6      1.7353E-6  334.81E-9 
 2.08       0.57843    0.92323    1.7353     9.8758     1.2981     1.2981     4.2888     4.2888    -1.7353    -0.3448    -1.E-6     -1.E-6      1.7353E-6  344.8E-9  
 2.09       0.57843    0.93323    1.7353     9.875      1.298      1.298      4.2885     4.2885    -1.7353    -0.3548    -1.E-6     -1.E-6      1.7353E-6  354.8E-9  
 2.1        0.57843    0.94323    1.7353     9.8742     1.2979     1.2979     4.2881     4.2881    -1.7353    -0.36479   -1.E-6     -1.E-6      1.7353E-6  364.79E-9 
 2.11       0.57844    0.95323    1.7353     9.8733     1.2978     1.2978     4.2877     4.2877    -1.7353    -0.37479   -1.E-6     -1.E-6      1.7353E-6  374.79E-9 
 2.12       0.57844    0.96322    1.7353     9.8724     1.2977     1.2977     4.2873     4.2873    -1.7353    -0.38479   -1.E-6     -1.E-6      1.7353E-6  384.79E-9 
 2.13       0.57844    0.97322    1.7353     9.8715     1.2976     1.2976     4.2869     4.2869    -1.7353    -0.39478   -1.E-6     -1.E-6      1.7353E-6  394.78E-9 
 2.14       0.57844    0.98322    1.7353     9.8705     1.2975     1.2975     4.2865     4.2865    -1.7353    -0.40478   -1.E-6     -1.E-6      1.7353E-6  404.78E-9 
 2.15       0.57844    0.99322    1.7353     9.8695     1.2974     1.2974     4.286      4.286     -1.7353    -0.41477   -1.E-6     -1.E-6      1.7353E-6  414.77E-9 
 2.16       0.57844    1.0032     1.7353     9.8684     1.2973     1.2973     4.2856     4.2856    -1.7353    -0.42477   -1.E-6     -1.E-6      1.7353E-6  424.77E-9 
 2.17       0.57844    1.0132     1.7353     9.8674     1.2972     1.2972     4.2851     4.2851    -1.7353    -0.43477   -1.E-6     -1.E-6      1.7353E-6  434.77E-9 
 2.18       0.57845    1.0232     1.7353     9.8662     1.2971     1.2971     4.2846     4.2846    -1.7353    -0.44476   -1.E-6     -1.E-6      1.7353E-6  444.76E-9 
 2.19       0.57845    1.0332     1.7353     9.8651     1.297      1.297      4.284      4.284     -1.7353    -0.45476   -1.E-6     -1.E-6      1.7353E-6  454.76E-9 
 2.2        0.57845    1.0432     1.7353     9.8638     1.2969     1.2969     4.2835     4.2835    -1.7353    -0.46476   -1.E-6     -1.E-6      1.7353E-6  464.76E-9 
 2.21       0.57845    1.0532     1.7353     9.8626     1.2968     1.2968     4.2829     4.2829    -1.7353    -0.47475   -1.E-6     -1.E-6      1.7353E-6  474.75E-9 
 2.22       0.57845    1.0632     1.7354     9.8613     1.2967     1.2967     4.2823     4.2823    -1.7354    -0.48475   -1.E-6     -1.E-6      1.7354E-6  484.75E-9 
 2.23       0.57845    1.0732     1.7354     9.8599     1.2966     1.2966     4.2816     4.2816    -1.7354    -0.49474   -1.E-6     -1.E-6      1.7354E-6  494.74E-9 
 2.24       0.57845    1.0832     1.7354     9.8585     1.2965     1.2965     4.281      4.281     -1.7354    -0.50474   -1.E-6     -1.E-6      1.7354E-6  504.74E-9 
 2.25       0.57845    1.0932     1.7354     9.857      1.2964     1.2964     4.2803     4.2803    -1.7354    -0.51474   -1.E-6     -1.E-6      1.7354E-6  514.74E-9 
 2.26       0.57846    1.1032     1.7354     9.8555     1.2963     1.2963     4.2796     4.2796    -1.7354    -0.52473   -1.E-6     -1.E-6      1.7354E-6  524.73E-9 
 2.27       0.57846    1.1132     1.7354     9.8539     1.2962     1.2962     4.2788     4.2788    -1.7354    -0.53473   -1.E-6     -1.E-6      1.7354E-6  534.73E-9 
 2.28       0.57846    1.1232     1.7354     9.8522     1.2961     1.2961     4.2781     4.2781    -1.7354    -0.54472   -1.E-6     -1.E-6      1.7354E-6  544.72E-9 
 2.29       0.57846    1.1332     1.7354     9.8505     1.296      1.296      4.2772     4.2772    -1.7354    -0.55472   -1.E-6     -1.E-6      1.7354E-6  554.72E-9 
 2.3        0.57846    1.1432     1.7354     9.8487     1.2959     1.2959     4.2764     4.2764    -1.7354    -0.56472   -1.E-6     -1.E-6      1.7354E-6  564.72E-9 
 2.31       0.57846    1.1532     1.7354     9.8468     1.2958     1.2958     4.2755     4.2755    -1.7354    -0.57471   -1.E-6     -1.E-6      1.7354E-6  574.71E-9 
 2.32       0.57846    1.1632     1.7354     9.8449     1.2957     1.2957     4.2746     4.2746    -1.7354    -0.58471   -1.E-6     -1.E-6      1.7354E-6  584.71E-9 
 2.33       0.57846    1.1732     1.7354     9.8429     1.2956     1.2956     4.2736     4.2736    -1.7354    -0.5947    -1.E-6     -1.E-6      1.7354E-6  594.7E-9  
 2.34       0.57847    1.1832     1.7354     9.8408     1.2955     1.2955     4.2726     4.2726    -1.7354    -0.6047    -1.E-6     -1.E-6      1.7354E-6  604.7E-9  
 2.35       0.57847    1.1932     1.7354     9.8386     1.2954     1.2954     4.2716     4.2716    -1.7354    -0.6147    -1.E-6     -1.E-6      1.7354E-6  614.7E-9  
 2.36       0.57847    1.2032     1.7354     9.8363     1.2953     1.2953     4.2705     4.2705    -1.7354    -0.62469   -1.E-6     -1.E-6      1.7354E-6  624.69E-9 
 2.37       0.57847    1.2132     1.7354     9.8339     1.2952     1.2952     4.2693     4.2693    -1.7354    -0.63469   -1.E-6     -1.E-6      1.7354E-6  634.69E-9 
 2.38       0.57847    1.2232     1.7354     9.8314     1.2951     1.2951     4.2681     4.2681    -1.7354    -0.64468   -1.E-6     -1.E-6      1.7354E-6  644.68E-9 
 2.39       0.57847    1.2332     1.7354     9.8288     1.295      1.295      4.2669     4.2669    -1.7354    -0.65468   -1.E-6     -1.E-6      1.7354E-6  654.68E-9 
 2.4        0.57847    1.2432     1.7354     9.8261     1.2949     1.2949     4.2656     4.2656    -1.7354    -0.66468   -1.E-6     -1.E-6      1.7354E-6  664.68E-9 
 2.41       0.57848    1.2531     1.7354     9.8233     1.2948     1.2948     4.2643     4.2643    -1.7354    -0.67467   -1.E-6     -1.E-6      1.7354E-6  674.67E-9 
 2.42       0.57848    1.2631     1.7354     9.8204     1.2947     1.2947     4.2629     4.2629    -1.7354    -0.68467   -1.E-6     -1.E-6      1.7354E-6  684.67E-9 
 2.43       0.57848    1.2731     1.7354     9.8174     1.2946     1.2946     4.2614     4.2614    -1.7354    -0.69466   -1.E-6     -1.E-6      1.7354E-6  694.66E-9 
 2.44       0.57848    1.2831     1.7354     9.8142     1.2945     1.2945     4.2598     4.2598    -1.7354    -0.70466   -1.E-6     -1.E-6      1.7354E-6  704.66E-9 
 2.45       0.57848    1.2931     1.7354     9.8109     1.2944     1.2944     4.2582     4.2582    -1.7354    -0.71466   -1.E-6     -1.E-6      1.7354E-6  714.66E-9 
 2.46       0.57848    1.3031     1.7354     9.8075     1.2943     1.2943     4.2566     4.2566    -1.7354    -0.72465   -1.E-6     -1.E-6      1.7354E-6  724.65E-9 
 2.47       0.57848    1.3131     1.7354     9.8039     1.2942     1.2942     4.2548     4.2548    -1.7354    -0.73465   -1.E-6     -1.E-6      1.7354E-6  734.65E-9 
 2.48       0.57848    1.3231     1.7355     9.8002     1.2941     1.2941     4.253      4.253     -1.7355    -0.74465   -1.E-6     -1.E-6      1.7355E-6  744.65E-9 
 2.49       0.57849    1.3331     1.7355     9.7963     1.294      1.294      4.2511     4.2511    -1.7355    -0.75464   -1.E-6     -1.E-6      1.7355E-6  754.64E-9 
 2.5        0.57849    1.3431     1.7355     9.7922     1.2939     1.2939     4.2491     4.2491    -1.7355    -0.76464   -1.E-6     -1.E-6      1.7355E-6  764.64E-9 
 2.51       0.57849    1.3531     1.7355     9.788      1.2938     1.2938     4.2471     4.2471    -1.7355    -0.77463   -1.E-6     -1.E-6      1.7355E-6  774.63E-9 
 2.52       0.57849    1.3631     1.7355     9.7836     1.2937     1.2937     4.2449     4.2449    -1.7355    -0.78463   -1.E-6     -1.E-6      1.7355E-6  784.63E-9 
 2.53       0.57849    1.3731     1.7355     9.779      1.2936     1.2936     4.2427     4.2427    -1.7355    -0.79463   -1.E-6     -1.E-6      1.7355E-6  794.63E-9 
 2.54       0.57849    1.3831     1.7355     9.7742     1.2935     1.2935     4.2403     4.2403    -1.7355    -0.80462   -1.E-6     -1.E-6      1.7355E-6  804.62E-9 
 2.55       0.57849    1.3931     1.7355     9.7692     1.2934     1.2934     4.2379     4.2379    -1.7355    -0.81462   -1.E-6     -1.E-6      1.7355E-6  814.62E-9 
 2.56       0.57849    1.4031     1.7355     9.764      1.2933     1.2933     4.2353     4.2353    -1.7355    -0.82461   -1.E-6     -1.E-6      1.7355E-6  824.61E-9 
 2.57       0.5785     1.4131     1.7355     9.7585     1.2932     1.2932     4.2326     4.2326    -1.7355    -0.83461   -1.E-6     -1.E-6      1.7355E-6  834.61E-9 
 2.58       0.5785     1.4231     1.7355     9.7529     1.2931     1.2931     4.2299     4.2299    -1.7355    -0.84461   -1.E-6     -1.E-6      1.7355E-6  844.61E-9 
 2.59       0.5785     1.4331     1.7355     9.7469     1.293      1.293      4.227      4.227     -1.7355    -0.8546    -1.E-6     -1.E-6      1.7355E-6  854.6E-9  
 2.6        0.5785     1.4431     1.7355     9.7408     1.2929     1.2929     4.2239     4.2239    -1.7355    -0.8646    -1.E-6     -1.E-6      1.7355E-6  864.6E-9  
 2.61       0.5785     1.4531     1.7355     9.7343     1.2928     1.2928     4.2208     4.2208    -1.7355    -0.87459   -1.E-6     -1.E-6      1.7355E-6  874.59E-9 
 2.62       0.5785     1.4631     1.7355     9.7276     1.2927     1.2927     4.2175     4.2175    -1.7355    -0.88459   -1.E-6     -1.E-6      1.7355E-6  884.59E-9 
 2.63       0.5785     1.4731     1.7355     9.7206     1.2926     1.2926     4.214      4.214     -1.7355    -0.89459   -1.E-6     -1.E-6      1.7355E-6  894.59E-9 
 2.64       0.57851    1.4831     1.7355     9.7133     1.2925     1.2925     4.2104     4.2104    -1.7355    -0.90458   -1.E-6     -1.E-6      1.7355E-6  904.58E-9 
 2.65       0.57851    1.4931     1.7355     9.7057     1.2924     1.2924     4.2067     4.2067    -1.7355    -0.91458   -1.E-6     -1.E-6      1.7355E-6  914.58E-9 
 2.66       0.57851    1.5031     1.7355     9.6978     1.2923     1.2923     4.2027     4.2027    -1.7355    -0.92457   -1.E-6     -1.E-6      1.7355E-6  924.57E-9 
 2.67       0.57851    1.5131     1.7355     9.6895     1.2922     1.2922     4.1986     4.1986    -1.7355    -0.93457   -1.E-6     -1.E-6      1.7355E-6  934.57E-9 
 2.68       0.57851    1.5231     1.7355     9.6809     1.2921     1.2921     4.1944     4.1944    -1.7355    -0.94457   -1.E-6     -1.E-6      1.7355E-6  944.57E-9 
 2.69       0.57851    1.5331     1.7355     9.6719     1.292      1.292      4.1899     4.1899    -1.7355    -0.95456   -1.E-6     -1.E-6      1.7355E-6  954.56E-9 
 2.7        0.57851    1.5431     1.7355     9.6625     1.2919     1.2919     4.1853     4.1853    -1.7355    -0.96456   -1.E-6     -1.E-6      1.7355E-6  964.56E-9 
 2.71       0.57851    1.5531     1.7355     9.6527     1.2918     1.2918     4.1804     4.1804    -1.7355    -0.97455   -1.E-6     -1.E-6      1.7355E-6  974.55E-9 
 2.72       0.57852    1.5631     1.7355     9.6424     1.2917     1.2917     4.1754     4.1754    -1.7355    -0.98455   -1.E-6     -1.E-6      1.7355E-6  984.55E-9 
 2.73       0.57852    1.5731     1.7356     9.6318     1.2916     1.2916     4.1701     4.1701    -1.7356    -0.99455   -1.E-6     -1.E-6      1.7356E-6  994.55E-9 
 2.74       0.57852    1.5831     1.7356     9.6206     1.2915     1.2915     4.1646     4.1646    -1.7356    -1.0045    -1.E-6     -1.E-6      1.7356E-6  1.0045E-6 
 2.75       0.57852    1.5931     1.7356     9.609      1.2914     1.2914     4.1588     4.1588    -1.7356    -1.0145    -1.E-6     -1.E-6      1.7356E-6  1.0145E-6 
 2.76       0.57852    1.6031     1.7356     9.5969     1.2913     1.2913     4.1528     4.1528    -1.7356    -1.0245    -1.E-6     -1.E-6      1.7356E-6  1.0245E-6 
 2.77       0.57852    1.6131     1.7356     9.5842     1.2912     1.2912     4.1465     4.1465    -1.7356    -1.0345    -1.E-6     -1.E-6      1.7356E-6  1.0345E-6 
 2.78       0.57852    1.623      1.7356     9.571      1.2911     1.2911     4.14       4.14      -1.7356    -1.0445    -1.E-6     -1.E-6      1.7356E-6  1.0445E-6 
 2.79       0.57852    1.633      1.7356     9.5573     1.291      1.291      4.1331     4.1331    -1.7356    -1.0545    -1.E-6     -1.E-6      1.7356E-6  1.0545E-6 
 2.8        0.57853    1.643      1.7356     9.5429     1.2909     1.2909     4.126      4.126     -1.7356    -1.0645    -1.E-6     -1.E-6      1.7356E-6  1.0645E-6 
 2.81       0.57853    1.653      1.7356     9.5279     1.2908     1.2908     4.1185     4.1185    -1.7356    -1.0745    -1.E-6     -1.E-6      1.7356E-6  1.0745E-6 
 2.82       0.57853    1.663      1.7356     9.5123     1.2907     1.2907     4.1108     4.1108    -1.7356    -1.0845    -1.E-6     -1.E-6      1.7356E-6  1.0845E-6 
 2.83       0.57853    1.673      1.7356     9.4959     1.2906     1.2906     4.1027     4.1027    -1.7356    -1.0945    -1.E-6     -1.E-6      1.7356E-6  1.0945E-6 
 2.84       0.57853    1.683      1.7356     9.4789     1.2905     1.2905     4.0942     4.0942    -1.7356    -1.1045    -1.E-6     -1.E-6      1.7356E-6  1.1045E-6 
 2.85       0.57853    1.693      1.7356     9.4611     1.2904     1.2904     4.0853     4.0853    -1.7356    -1.1145    -1.E-6     -1.E-6      1.7356E-6  1.1145E-6 
 2.86       0.57853    1.703      1.7356     9.4426     1.2903     1.2903     4.0761     4.0761    -1.7356    -1.1245    -1.E-6     -1.E-6      1.7356E-6  1.1245E-6 
 2.87       0.57854    1.713      1.7356     9.4232     1.2902     1.2902     4.0665     4.0665    -1.7356    -1.1345    -1.E-6     -1.E-6      1.7356E-6  1.1345E-6 
 2.88       0.57854    1.723      1.7356     9.403      1.2901     1.2901     4.0564     4.0564    -1.7356    -1.1445    -1.E-6     -1.E-6      1.7356E-6  1.1445E-6 
 2.89       0.57854    1.733      1.7356     9.3819     1.29       1.29       4.046      4.046     -1.7356    -1.1545    -1.E-6     -1.E-6      1.7356E-6  1.1545E-6 
 2.9        0.57854    1.743      1.7356     9.3599     1.2899     1.2899     4.035      4.035     -1.7356    -1.1645    -1.E-6     -1.E-6      1.7356E-6  1.1645E-6 
 2.91       0.57854    1.753      1.7356     9.337      1.2898     1.2898     4.0236     4.0236    -1.7356    -1.1745    -1.E-6     -1.E-6      1.7356E-6  1.1745E-6 
 2.92       0.57854    1.763      1.7356     9.313      1.2897     1.2897     4.0116     4.0116    -1.7356    -1.1845    -1.E-6     -1.E-6      1.7356E-6  1.1845E-6 
 2.93       0.57854    1.773      1.7356     9.288      1.2896     1.2896     3.9992     3.9992    -1.7356    -1.1945    -1.E-6     -1.E-6      1.7356E-6  1.1945E-6 
 2.94       0.57854    1.783      1.7356     9.2619     1.2895     1.2895     3.9862     3.9862    -1.7356    -1.2045    -1.E-6     -1.E-6      1.7356E-6  1.2045E-6 
 2.95       0.57855    1.793      1.7356     9.2347     1.2894     1.2894     3.9726     3.9726    -1.7356    -1.2145    -1.E-6     -1.E-6      1.7356E-6  1.2145E-6 
 2.96       0.57855    1.803      1.7356     9.2063     1.2893     1.2893     3.9585     3.9585    -1.7356    -1.2245    -1.E-6     -1.E-6      1.7356E-6  1.2245E-6 
 2.97       0.57855    1.813      1.7356     9.1766     1.2892     1.2892     3.9437     3.9437    -1.7356    -1.2344    -1.E-6     -1.E-6      1.7356E-6  1.2344E-6 
 2.98       0.57855    1.823      1.7356     9.1457     1.2891     1.2891     3.9283     3.9283    -1.7356    -1.2444    -1.E-6     -1.E-6      1.7356E-6  1.2444E-6 
 2.99       0.57855    1.833      1.7357     9.1134     1.289      1.289      3.9122     3.9122    -1.7357    -1.2544    -1.E-6     -1.E-6      1.7357E-6  1.2544E-6 
 3.         0.57855    1.843      1.7357     9.0797     1.2889     1.2889     3.8954     3.8954    -1.7357    -1.2644    -1.E-6     -1.E-6      1.7357E-6  1.2644E-6 
 3.01       0.57855    1.853      1.7357     9.0445     1.2888     1.2888     3.8778     3.8778    -1.7357    -1.2744    -1.E-6     -1.E-6      1.7357E-6  1.2744E-6 
 3.02       0.57855    1.863      1.7357     9.0078     1.2887     1.2887     3.8595     3.8595    -1.7357    -1.2844    -1.E-6     -1.E-6      1.7357E-6  1.2844E-6 
 3.03       0.57856    1.873      1.7357     8.9694     1.2886     1.2886     3.8404     3.8404    -1.7357    -1.2944    -1.E-6     -1.E-6      1.7357E-6  1.2944E-6 
 3.04       0.57856    1.883      1.7357     8.9294     1.2885     1.2885     3.8205     3.8205    -1.7357    -1.3044    -1.E-6     -1.E-6      1.7357E-6  1.3044E-6 
 3.05       0.57856    1.893      1.7357     8.8877     1.2884     1.2884     3.7997     3.7997    -1.7357    -1.3144    -1.E-6     -1.E-6      1.7357E-6  1.3144E-6 
 3.06       0.57856    1.903      1.7357     8.8441     1.2883     1.2883     3.7779     3.7779    -1.7357    -1.3244    -1.E-6     -1.E-6      1.7357E-6  1.3244E-6 
 3.07       0.57856    1.913      1.7357     8.7987     1.2881     1.2881     3.7553     3.7553    -1.7357    -1.3344    -1.E-6     -1.E-6      1.7357E-6  1.3344E-6 
 3.08       0.57856    1.923      1.7357     8.7512     1.288      1.288      3.7316     3.7316    -1.7357    -1.3444    -1.E-6     -1.E-6      1.7357E-6  1.3444E-6 
 3.09       0.57857    1.933      1.7357     8.7017     1.2879     1.2879     3.7069     3.7069    -1.7357    -1.3544    -1.E-6     -1.E-6      1.7357E-6  1.3544E-6 
 3.1        0.57857    1.943      1.7357     8.6499     1.2877     1.2877     3.6811     3.6811    -1.7357    -1.3644    -1.E-6     -1.E-6      1.7357E-6  1.3644E-6 
 3.11       0.57857    1.9529     1.7357     8.596      1.2876     1.2876     3.6542     3.6542    -1.7357    -1.3744    -1.E-6     -1.E-6      1.7357E-6  1.3744E-6 
 3.12       0.57857    1.9629     1.7357     8.5396     1.2874     1.2874     3.6261     3.6261    -1.7357    -1.3844    -1.E-6     -1.E-6      1.7357E-6  1.3844E-6 
 3.13       0.57857    1.9729     1.7357     8.4808     1.2872     1.2872     3.5968     3.5968    -1.7357    -1.3944    -1.E-6     -1.E-6      1.7357E-6  1.3944E-6 
 3.14       0.57858    1.9829     1.7357     8.4194     1.2869     1.2869     3.5662     3.5662    -1.7357    -1.4044    -1.E-6     -1.E-6      1.7357E-6  1.4044E-6 
 3.15       0.57858    1.9929     1.7357     8.3552     1.2867     1.2867     3.5343     3.5343    -1.7357    -1.4143    -1.E-6     -1.E-6      1.7357E-6  1.4143E-6 
 3.16       0.57859    2.0029     1.7358     8.2882     1.2863     1.2863     3.5009     3.5009    -1.7358    -1.4243    -1.E-6     -1.E-6      1.7358E-6  1.4243E-6 
 3.17       0.57859    2.0129     1.7358     8.2183     1.286      1.286      3.4662     3.4662    -1.7358    -1.4343    -1.E-6     -1.E-6      1.7358E-6  1.4343E-6 
 3.18       0.5786     2.0229     1.7358     8.1452     1.2855     1.2855     3.4299     3.4299    -1.7358    -1.4443    -1.E-6     -1.E-6      1.7358E-6  1.4443E-6 
 3.19       0.5786     2.0329     1.7358     8.0689     1.2849     1.2849     3.392      3.392     -1.7358    -1.4543    -1.E-6     -1.E-6      1.7358E-6  1.4543E-6 
 3.2        0.57861    2.0429     1.7358     7.989      1.2842     1.2842     3.3524     3.3524    -1.7358    -1.4642    -1.E-6     -1.E-6      1.7358E-6  1.4642E-6 
 3.21       0.57863    2.0528     1.7359     7.9056     1.2833     1.2833     3.3112     3.3112    -1.7359    -1.4742    -1.E-6     -1.E-6      1.7359E-6  1.4742E-6 
 3.22       0.57864    2.0628     1.7359     7.8183     1.2822     1.2822     3.2681     3.2681    -1.7359    -1.4842    -1.E-6     -1.E-6      1.7359E-6  1.4842E-6 
 3.23       0.57866    2.0728     1.736      7.727      1.2807     1.2807     3.2231     3.2231    -1.736     -1.4941    -1.E-6     -1.E-6      1.736E-6   1.4941E-6 
 3.24       0.57868    2.0827     1.736      7.6314     1.2789     1.2789     3.1762     3.1762    -1.736     -1.504     -1.E-6     -1.E-6      1.736E-6   1.504E-6  
 3.25       0.57871    2.0927     1.7361     7.5312     1.2766     1.2766     3.1273     3.1273    -1.7361    -1.5139    -1.E-6     -1.E-6      1.7361E-6  1.5139E-6 
 3.26       0.57875    2.1026     1.7362     7.4261     1.2737     1.2737     3.0762     3.0762    -1.7362    -1.5238    -1.E-6     -1.E-6      1.7362E-6  1.5238E-6 
 3.27       0.5788     2.1125     1.7364     7.3157     1.27       1.27       3.0229     3.0229    -1.7364    -1.5337    -1.E-6     -1.E-6      1.7364E-6  1.5337E-6 
 3.28       0.57886    2.1224     1.7366     7.1997     1.2653     1.2653     2.9672     2.9672    -1.7366    -1.5435    -1.E-6     -1.E-6      1.7366E-6  1.5435E-6 
 3.29       0.57894    2.1322     1.7368     7.0776     1.2593     1.2593     2.9092     2.9092    -1.7368    -1.5533    -1.E-6     -1.E-6      1.7368E-6  1.5533E-6 
 3.3        0.57903    2.142      1.7371     6.9489     1.2518     1.2518     2.8486     2.8486    -1.7371    -1.563     -1.E-6     -1.E-6      1.7371E-6  1.563E-6  
 3.31       0.57915    2.1518     1.7375     6.813      1.2423     1.2423     2.7853     2.7853    -1.7375    -1.5726    -1.E-6     -1.E-6      1.7375E-6  1.5726E-6 
 3.32       0.5793     2.1615     1.7379     6.6692     1.2305     1.2305     2.7194     2.7194    -1.7379    -1.5822    -1.E-6     -1.E-6      1.7379E-6  1.5822E-6 
 3.33       0.57949    2.1711     1.7385     6.5168     1.2158     1.2158     2.6505     2.6505    -1.7385    -1.5916    -1.E-6     -1.E-6      1.7385E-6  1.5916E-6 
 3.34       0.57972    2.1806     1.7392     6.3552     1.1978     1.1978     2.5787     2.5787    -1.7392    -1.6009    -1.E-6     -1.E-6      1.7392E-6  1.6009E-6 
 3.35       0.57999    2.1901     1.74       6.1833     1.1759     1.1759     2.5037     2.5037    -1.74      -1.6101    -1.E-6     -1.E-6      1.74E-6    1.6101E-6 
 3.36       0.58032    2.1994     1.741      6.0004     1.1495     1.1495     2.4255     2.4255    -1.741     -1.6191    -1.E-6     -1.E-6      1.741E-6   1.6191E-6 
 3.37       0.58071    2.2086     1.7421     5.8058     1.1181     1.1181     2.3438     2.3438    -1.7421    -1.6279    -1.E-6     -1.E-6      1.7421E-6  1.6279E-6 
 3.38       0.58117    2.2177     1.7435     5.5985     1.0812     1.0812     2.2587     2.2587    -1.7435    -1.6366    -1.E-6     -1.E-6      1.7435E-6  1.6366E-6 
 3.39       0.58169    2.2267     1.7451     5.3778     1.0382     1.0382     2.1698     2.1698    -1.7451    -1.645     -1.E-6     -1.E-6      1.7451E-6  1.645E-6  
 3.4        0.58227    2.2355     1.7468     5.143      0.98892    0.98892    2.0771     2.0771    -1.7468    -1.6532    -1.E-6     -1.E-6      1.7468E-6  1.6532E-6 
 3.41       0.58293    2.2442     1.7488     4.8936     0.93295    0.93295    1.9803     1.9803    -1.7488    -1.6613    -1.E-6     -1.E-6      1.7488E-6  1.6613E-6 
 3.42       0.58365    2.2527     1.751      4.6289     0.8701     0.8701     1.8794     1.8794    -1.751     -1.6691    -1.E-6     -1.E-6      1.751E-6   1.6691E-6 
 3.43       0.58445    2.2612     1.7533     4.3484     0.80021    0.80021    1.7741     1.7741    -1.7533    -1.6767    -1.E-6     -1.E-6      1.7533E-6  1.6767E-6 
 3.44       0.5853     2.2694     1.7559     4.0516     0.72315    0.72315    1.6642     1.6642    -1.7559    -1.6841    -1.E-6     -1.E-6      1.7559E-6  1.6841E-6 
 3.45       0.58621    2.2776     1.7586     3.7381     0.63886    0.63886    1.5496     1.5496    -1.7586    -1.6914    -1.E-6     -1.E-6      1.7586E-6  1.6914E-6 
 3.46       0.58718    2.2857     1.7615     3.4073     0.54727    0.54727    1.43       1.43      -1.7615    -1.6985    -1.E-6     -1.E-6      1.7615E-6  1.6985E-6 
 3.47       0.5882     2.2936     1.7646     3.0589     0.44833    0.44833    1.3053     1.3053    -1.7646    -1.7054    -1.E-6     -1.E-6      1.7646E-6  1.7054E-6 
 3.48       0.58927    2.3015     1.7678     2.6923     0.34198    0.34198    1.1752     1.1752    -1.7678    -1.7122    -1.E-6     -1.E-6      1.7678E-6  1.7122E-6 
 3.49       0.59038    2.3093     1.7712     2.307      0.22816    0.22816    1.0394     1.0394    -1.7712    -1.7189    -1.E-6     -1.E-6      1.7712E-6  1.7189E-6 
 3.5        0.59154    2.3169     1.7746     1.9025     0.10679    0.10679    0.89785    0.89785   -1.7746    -1.7254    -1.E-6     -1.E-6      1.7746E-6  1.7254E-6 
 3.51       0.59273    2.3246     1.7782     1.4781    -0.022237  -0.022237   0.75016    0.75016   -1.7782    -1.7318    -1.E-6     -1.E-6      1.7782E-6  1.7318E-6 
 3.52       0.59395    2.3321     1.7819     1.0332    -0.15904   -0.15904    0.59612    0.59612   -1.7819    -1.7382    -1.E-6     -1.E-6      1.7819E-6  1.7382E-6 
 3.53       0.59521    2.3396     1.7856     0.56716   -0.30375   -0.30375    0.43545    0.43545   -1.7856    -1.7444    -1.E-6     -1.E-6      1.7856E-6  1.7444E-6 
 3.54       0.59649    2.347      1.7895     0.079232  -0.45653   -0.45653    0.26788    0.26788   -1.7895    -1.7505    -1.E-6     -1.E-6      1.7895E-6  1.7505E-6 
 3.55       0.5978     2.3544     1.7934    -0.43134   -0.61758   -0.61758    0.09312    0.09312   -1.7934    -1.7566    -1.E-6     -1.E-6      1.7934E-6  1.7566E-6 
 3.56       0.59913    2.3617     1.7974    -0.96538   -0.78709   -0.78709   -0.08914   -0.08914   -1.7974    -1.7626    -1.E-6     -1.E-6      1.7974E-6  1.7626E-6 
 3.57       0.60049    2.369      1.8015    -1.5237    -0.9653    -0.9653    -0.27921   -0.27921   -1.8015    -1.7685    -1.E-6     -1.E-6      1.8015E-6  1.7685E-6 
 3.58       0.60186    2.3763     1.8056    -2.1073    -1.1524    -1.1524    -0.47741   -0.47741   -1.8056    -1.7744    -1.E-6     -1.E-6      1.8056E-6  1.7744E-6 
 3.59       0.60326    2.3835     1.8098    -2.717     -1.3488    -1.3488    -0.68409   -0.68409   -1.8098    -1.7802    -1.E-6     -1.E-6      1.8098E-6  1.7802E-6 
 3.6        0.60467    2.3906     1.814     -3.3539    -1.5547    -1.5547    -0.8996    -0.8996    -1.814     -1.786     -1.E-6     -1.E-6      1.814E-6   1.786E-6  
