#           v(1)       i(Rs.Xcel1
 100.E-6    43.E-6     4.3       
 0.001      43.E-6     4.3       
 0.01       42.996E-6  4.2996    
 100.E-6    0.010043   4.2999    
 0.001      0.010043   4.2999    
 0.01       0.010043   4.2995    
 100.E-6    0.020043   4.2998    
 0.001      0.020043   4.2998    
 0.01       0.020043   4.2994    
 100.E-6    0.030043   4.2997    
 0.001      0.030043   4.2997    
 0.01       0.030043   4.2993    
 100.E-6    0.040043   4.2996    
 0.001      0.040043   4.2996    
 0.01       0.040043   4.2992    
 100.E-6    0.050043   4.2995    
 0.001      0.050043   4.2995    
 0.01       0.050043   4.2991    
 100.E-6    0.060043   4.2994    
 0.001      0.060043   4.2994    
 0.01       0.060043   4.299     
 100.E-6    0.070043   4.2993    
 0.001      0.070043   4.2993    
 0.01       0.070043   4.2989    
 100.E-6    0.080043   4.2992    
 0.001      0.080043   4.2991    
 0.01       0.080043   4.2987    
 100.E-6    0.090043   4.2991    
 0.001      0.090043   4.299     
 0.01       0.090043   4.2986    
 100.E-6    0.10004    4.299     
 0.001      0.10004    4.2989    
 0.01       0.10004    4.2985    
 100.E-6    0.11004    4.2989    
 0.001      0.11004    4.2988    
 0.01       0.11004    4.2984    
 100.E-6    0.12004    4.2988    
 0.001      0.12004    4.2987    
 0.01       0.12004    4.2983    
 100.E-6    0.13004    4.2987    
 0.001      0.13004    4.2986    
 0.01       0.13004    4.2982    
 100.E-6    0.14004    4.2986    
 0.001      0.14004    4.2985    
 0.01       0.14004    4.2981    
 100.E-6    0.15004    4.2984    
 0.001      0.15004    4.2984    
 0.01       0.15004    4.2979    
 100.E-6    0.16004    4.2983    
 0.001      0.16004    4.2983    
 0.01       0.16004    4.2978    
 100.E-6    0.17004    4.2982    
 0.001      0.17004    4.2982    
 0.01       0.17004    4.2976    
 100.E-6    0.18004    4.2981    
 0.001      0.18004    4.298     
 0.01       0.18004    4.2975    
 100.E-6    0.19004    4.298     
 0.001      0.19004    4.2979    
 0.01       0.19004    4.2973    
 100.E-6    0.20004    4.2978    
 0.001      0.20004    4.2978    
 0.01       0.20004    4.297     
 100.E-6    0.21004    4.2977    
 0.001      0.21004    4.2976    
 0.01       0.21004    4.2968    
 100.E-6    0.22004    4.2975    
 0.001      0.22004    4.2974    
 0.01       0.22004    4.2965    
 100.E-6    0.23004    4.2973    
 0.001      0.23004    4.2972    
 0.01       0.23004    4.2961    
 100.E-6    0.24004    4.2971    
 0.001      0.24004    4.297     
 0.01       0.24004    4.2957    
 100.E-6    0.25004    4.2969    
 0.001      0.25004    4.2968    
 0.01       0.25004    4.2952    
 100.E-6    0.26004    4.2966    
 0.001      0.26004    4.2964    
 0.01       0.26004    4.2945    
 100.E-6    0.27004    4.2962    
 0.001      0.27004    4.2961    
 0.01       0.27004    4.2937    
 100.E-6    0.28004    4.2958    
 0.001      0.28004    4.2956    
 0.01       0.28004    4.2926    
 100.E-6    0.29004    4.2953    
 0.001      0.29004    4.2951    
 0.01       0.29004    4.2913    
 100.E-6    0.30004    4.2947    
 0.001      0.30004    4.2944    
 0.01       0.30004    4.2897    
 100.E-6    0.31004    4.2939    
 0.001      0.31004    4.2936    
 0.01       0.31004    4.2875    
 100.E-6    0.32004    4.2929    
 0.001      0.32004    4.2925    
 0.01       0.32004    4.2848    
 100.E-6    0.33004    4.2917    
 0.001      0.33004    4.2911    
 0.01       0.33004    4.2814    
 100.E-6    0.34004    4.2901    
 0.001      0.34004    4.2894    
 0.01       0.34004    4.2769    
 100.E-6    0.35004    4.2881    
 0.001      0.35004    4.2872    
 0.01       0.35004    4.2712    
 100.E-6    0.36004    4.2856    
 0.001      0.36004    4.2844    
 0.01       0.36004    4.2638    
 100.E-6    0.37004    4.2823    
 0.001      0.37004    4.2808    
 0.01       0.37004    4.2543    
 100.E-6    0.38004    4.278     
 0.001      0.38004    4.2761    
 0.01       0.38004    4.2422    
 100.E-6    0.39004    4.2726    
 0.001      0.39004    4.2701    
 0.01       0.39004    4.2266    
 100.E-6    0.40004    4.2656    
 0.001      0.40004    4.2624    
 0.01       0.40004    4.2066    
 100.E-6    0.41004    4.2566    
 0.001      0.41004    4.2524    
 0.01       0.41004    4.1812    
 100.E-6    0.42004    4.2449    
 0.001      0.42004    4.2396    
 0.01       0.42004    4.1487    
 100.E-6    0.43004    4.2298    
 0.001      0.43004    4.223     
 0.01       0.43004    4.1075    
 100.E-6    0.44004    4.2104    
 0.001      0.44004    4.2016    
 0.01       0.44004    4.0554    
 100.E-6    0.45004    4.1852    
 0.001      0.45004    4.174     
 0.01       0.45004    3.99      
 100.E-6    0.46004    4.1527    
 0.001      0.46004    4.1383    
 0.01       0.46004    3.9084    
 100.E-6    0.47004    4.1106    
 0.001      0.47004    4.0922    
 0.01       0.47004    3.8075    
 100.E-6    0.48004    4.0563    
 0.001      0.48004    4.0328    
 0.01       0.48004    3.6839    
 100.E-6    0.49004    3.986     
 0.001      0.49004    3.9563    
 0.01       0.49004    3.5341    
 100.E-6    0.50004    3.8951    
 0.001      0.50004    3.8577    
 0.01       0.50003    3.3549    
 100.E-6    0.51004    3.7776    
 0.001      0.51004    3.7309    
 0.01       0.51003    3.1431    
 100.E-6    0.52004    3.6257    
 0.001      0.52004    3.5681    
 0.01       0.52003    2.8964    
 100.E-6    0.53003    3.4294    
 0.001      0.53003    3.3594    
 0.01       0.53003    2.6128    
 100.E-6    0.54003    3.1757    
 0.001      0.54003    3.0927    
 0.01       0.54002    2.2915    
 100.E-6    0.55003    2.8479    
 0.001      0.55003    2.7529    
 0.01       0.55002    1.9321    
 100.E-6    0.56002    2.4248    
 0.001      0.56002    2.3219    
 0.01       0.56002    1.5351    
 100.E-6    0.57002    1.8787    
 0.001      0.57002    1.7777    
 0.01       0.57001    1.1016    
 100.E-6    0.58001    1.1746    
 0.001      0.58001    1.095     
 0.01       0.58001    0.63314   
 100.E-6    0.59       0.26762   
 0.001      0.59       0.24494   
 0.01       0.59       0.13165   
 100.E-6    0.59999   -0.89915   
 0.001      0.59999   -0.80449   
 0.01       0.6       -0.40083   
